0.0908587225370361
0.0908280883208457
0.0908050355911785
0.0908019912906328
0.0908130997594341
0.0908403284509936
0.0908830466888682
0.0909406866063868
0.0910138863762512
0.0911015135200994
0.0912044896084495
0.0913216059950472
0.0914538224230581
0.0915999732533306
0.0917609958040924
 0.091935794709531
0.0921252703645205
0.0923284021835015
 0.092546050680918
0.0927772690290385
0.0930228778223755
0.0932820017197754
0.0935554221202568
0.0938423327014989
0.0941434766160337
0.0944581141450543
0.0947869512318508
0.0951293124481707
0.0954858676182807
0.0958560033952132
0.0962403546179383
0.0966383679052075
0.0970506442854712
0.0974766883091805
0.0979170684099183
 0.098371345105198
 0.098840055491132
0.0993228141453279
0.0998201281271288
 0.100331664213707
 0.100857900773774
 0.101398554959163
 0.101954077842153
   0.1025242351495
 0.103109452102402
 0.103709541217757
 0.104324903365701
 0.104955396073473
  0.10560139741874
 0.106262808154398
 0.106939985187118
 0.107632870696107
 0.108341802106063
 0.109066761198739
 0.109808067678454
 0.110565741071563
 0.111340085201554
 0.112131155437393
 0.112939241644966
 0.113764433079862
  0.11460700766335
  0.11546708651753
 0.116344937728229
 0.117240712189494
 0.118154670363835
 0.119086990737697
 0.120037928472485
 0.121007687371666
 0.121996519735321
 0.123004652301619
 0.124032337074521
 0.125079821226165
 0.126147359163233
 0.127235215860858
 0.128343650969517
   0.1294729444939
 0.130623364320567
 0.131795202555198
 0.132988738473308
 0.134204273184788
 0.135442100677324
 0.136702527786443
  0.13798586671575
 0.139292426551961
 0.140622541409465
 0.141976518941268
 0.143354719069547
 0.144757444103108
 0.146185083882505
 0.147637931220606
 0.149116410212398
 0.150620799765572
 0.152151562803422
 0.153708959644903
 0.155293496866099
 0.156905411221955
 0.158545258029698
 0.160213245195261
 0.161909982142995
 0.163635642316506
 0.165390894905075
  0.16717587292917
 0.168991311307371
 0.170837296308898
 0.172714634867775
 0.174623359786199
 0.176564356637294
 0.178537597631825
 0.180544053959449
 0.182583629684913
 0.184657388962413
 0.186765159703815
 0.188908106763783
   0.1910859734195
 0.193300033367889
 0.195549936271504
 0.197837073235681
 0.200160990806539
  0.20252320650749
 0.204923153720303
 0.207362485859418
  0.20984051252348
  0.21235903297467
 0.214917221813635
 0.217517034611966
  0.22015749913559
 0.222840738254129
 0.225565620413899
 0.228334447321283
 0.231145914941678
 0.234002515937782
 0.236902759895876
 0.239849343319969
 0.242840573973747
 0.245879369616453
 0.248963800566479
  0.25209702269017
 0.255276945545012
 0.258506829500569
 0.261784503824574
 0.265113305214584
 0.268490992560103
 0.271920971592053
 0.275400934708364
 0.278934350794798
 0.282518849442052
 0.286157956495999
 0.289849242744134
 0.293596284317982
  0.29739659758907
 0.301253801790031
 0.305165363673098
 0.309134937857909
 0.313159946707677
 0.317244071966795
 0.321384697298269
 0.325585522742256
 0.329843899434989
 0.334163536297882
  0.33854175862583
 0.342982274202334
 0.347482389707265
 0.352045801142635
 0.356669804371116
 0.361358072324581
 0.366107898450502
  0.37092292065496
 0.375800439011514
  0.38074404375407
 0.385751051300858
 0.390824990850418
 0.395963205603023
 0.401169149612719
 0.406440204063648
 0.411779732977188
 0.417185167538351
 0.422659766030548
  0.42820102252865
 0.433812073011296
 0.439490488268393
 0.445239264493332
 0.451056064025531
 0.456943724817152
 0.462900016684859
 0.468927599834391
 0.475024368677743
 0.481192785031518
 0.487430886324569
 0.493740914097954
 0.500121068654917
 0.506573348002806
 0.513096136769138
 0.519691164642749
 0.526357023803179
 0.533095149121488
 0.539904365556209
  0.54678578471855
 0.553738491837881
 0.560763244602175
 0.567859418589033
 0.575027384337682
 0.582266840826392
 0.589577735239209
 0.596960126458638
 0.604413498609128
 0.611938311018169
 0.619533540906218
 0.627200093350622
 0.634936389881049
 0.642743832303018
 0.650620231715591
 0.658567544452423
 0.666582909204849
 0.674668902921397
 0.682821921022525
 0.691045237336758
 0.699334422122894
 0.707693535007886
 0.716117225351185
 0.724610443436806
 0.733166804371788
 0.741792274336319
 0.750479298090708
  0.75923500944694
 0.768050516870321
 0.776934308651412
  0.78587595105978
 0.794885521275066
  0.80395078279521
 0.813083702219371
 0.822269902885142
 0.831523636132315
 0.840827936417243
 0.850199876217193
 0.859619284846925
  0.86910681229663
 0.878638202513494
 0.888238803579524
 0.897878953583633
 0.907590472894244
 0.917336184592669
 0.927157472454525
 0.937005993212515
 0.946938974490849
  0.95688997859514
 0.966949299445541
 0.977020763375182
 0.987341770480847
   1.0070113649903
   1.0185670091064
  1.02907938094279
     1.03958000332
  1.04997204570163
  1.06043799621654
  1.07086628679081
  1.08136783890336
  1.09185248279352
  1.10240406037937
  1.11294744930537
  1.12355158842318
  1.13415167631623
  1.14480702427886
  1.15546023254586
  1.16616381427008
  1.17686591268511
  1.18761395599566
  1.19836039075106
   1.2091486819996
  1.21993531125095
  1.23075877538979
  1.24158064778625
  1.25243473206245
  1.26328684452016
  1.27416685335863
  1.28504416706148
  1.29594530300077
  1.30684275330681
  1.31776014491991
  1.32867264853422
  1.33960137006284
  1.35052383065955
  1.36145891644074
  1.37238622931716
  1.38332268477513
  1.39424974083416
  1.40518255109817
   1.4161042403124
  1.42702837711847
  1.43793959155685
  1.44885001885298
  1.45974565531318
  1.47063733384447
  1.48151229611455
  1.49238018717457
  1.50322938793731
  1.51406845641528
  1.52488681880371
  1.53569203561948
  1.54647449442959
  1.55724083842419
  1.56798234099019
  1.57870480032264
  1.58940030705984
  1.60007388014956
  1.61071836477011
  1.62133806081639
   1.6319265102236
  1.64248734932746
  1.65301476319456
  1.66351177610449
  1.67397316614385
  1.68440139364341
  1.69479178257256
  1.70514627452541
  1.71546069473588
  1.72573650880174
  1.73597000073663
  1.74616220077005
    1.756309811016
   1.7664134651579
  1.77647024425652
  1.78648042272734
  1.79644142271052
  1.80635319531234
  1.81621346696525
  1.82602190029874
  1.83577649015332
  1.84547664455401
  1.85512059161478
  1.86470751781195
  1.87423585001491
  1.88370458551456
  1.89311231591866
  1.90245788111076
  1.91174000382001
  1.92095739780851
  1.93010888362149
   1.9391930797739
  1.94820887155575
  1.95715481276732
  1.96602982053742
  1.97483241420299
  1.98356150993002
   1.9922156226146
  2.00079363470836
  2.00929408650555
  2.01771579399284
  2.02605735255743
  2.03431747892708
  2.04249485316608
  2.05058805986556
   2.0585958932692
  2.06651677283238
  2.07434963642328
  2.08209270520617
  2.08974509008224
  2.09730478058009
  2.10477109002296
  2.11214174273842
  2.11941628385534
   2.1265921386835
  2.13366911354651
  2.14064430063838
  2.14751779688019
    2.154286326941
  2.16095030776115
  2.16750606173455
   2.1739543552644
  2.18029107334769
  2.18651736131618
  2.19262863124499
  2.19862643687925
  2.20450568141162
  2.21026835649926
  2.21590882002174
  2.22142953105217
  2.22682426521974
  2.23209597851056
    2.237237826821
  2.24225329252521
  2.24713487371726
  2.25188660859206
  2.25650029873954
  2.26098056754179
  2.26531848070191
  2.26951927605982
  2.27357324331366
  2.27748626389945
  2.28124781059814
  2.28486443740601
  2.28832475841536
  2.29163602892064
   2.2947859616213
  2.29778254156146
  2.30061253633063
  2.30328468881547
  2.30578477667329
  2.30812232828187
  2.31028208533688
  2.31227438881077
  2.31426728297779