 39.457378869394
39.4440972734834
39.4341027940988
39.4327833745377
39.4376001930956
39.4494062618111
39.4679281118962
39.4929194880763
 39.524657021014
39.5626496297192
39.6072967831654
39.6580743515925
39.7153983203372
39.7787631832721
39.8485751688294
39.9243592174285
40.0065055142717
 40.094571400926
40.1889297367869
40.2891698212836
40.3956471702078
40.5079820556021
40.6265129629005
40.7508900658255
40.8814352298893
41.0178274818164
41.1603725157046
41.3087772065192
41.4633315482184
41.6237693037435
41.7903652568323
41.9628791383052
42.1415710291526
 42.326225742868
42.5170891826201
 42.713970388979
42.9171016300163
43.1263153423023
43.3418307199796
43.5635027841787
43.7915382356151
44.0258138834746
44.2665245359806
44.5135680042496
44.7671278266803
45.0271220361374
45.2937235470717
45.5668698355042
45.8467238626724
 46.133241766457
46.4265772522824
46.7267043316269
47.0337681801297
47.3477598833843
47.6688168440115
47.9969464067544
48.3322789909731
48.6748373658112
49.0247457925132
49.3820416057391
49.7468437716862
50.1192033030916
50.4992347747699
50.8870019570302
 51.282615980375
51.6861524145033
52.0977199390361
52.5174049224707
52.9453146364216
53.3815452003231
53.8262035733318
54.2793945256779
54.7412258556514
55.2118098266897
 55.691256287359
56.1796837739336
56.6772054596021
57.1839448648061
57.7000198287035
58.2255574932264
58.7606817757907
59.3055219972308
59.8602096405373
 60.424874676833
 60.999657721264
61.5846877742759
 62.180116233393
62.7860694085227
63.4027112179626
64.0301634555561
 64.668604391614
65.3181493657331
65.9789929291461
66.6512419091409
67.3351091694153
68.0306908395629
68.7382202350361
69.4577804673496
70.1896275560027
 70.933829131159
71.6906662870525
72.4601885582282
73.2427046082747
74.0382431025418
 74.847142898194
75.6694088499925
76.5054127683043
77.3551325793933
78.2189759477984
79.0968905680019
79.9893230070849
80.8961872300678
81.8179719085365
82.7545535768192
83.7064663728749
84.6735454862902
85.6563740496041
86.6547417714325
87.6692844799971
88.6997420351038
89.7468068413382
90.8101643007695
91.8905674614151
92.9876424081013
 94.102207092673
95.2338231631378
96.3833779359828
97.5503632332642
98.7357404047204
  99.93892577773
101.160959622079
102.401176798644
103.660701678155
104.938781037398
106.236630426945
107.553393325479
108.890383267992
110.246673165401
111.623617112377
113.020251740321
114.437959336868
115.875744381317
117.335013894309
118.814741750225
 120.31635683526
121.838803871589
123.383530597972
124.949454164698
126.538037936493
128.148173226107
 129.78133557311
131.436392351551
133.114827594325
134.815486809604
136.539858606662
138.286768884335
140.057706671356
141.851480707597
143.669576040263
145.510786905004
147.376589718792
149.265767083171
151.179781885173
153.117408189303
155.080090198961
157.066596777832
159.078348035217
161.114111222318
163.175276684353
165.260613914363
 167.37147756106
169.506643494597
171.667424469033
173.852607164088
176.063455971303
178.298773127438
180.559767918855
 182.84526322157
185.156406192724
187.492045786583
189.853259716971
192.238928837012
194.650053801647
197.085553593336
199.546343876129
202.031388434595
204.541509673941
207.075723333403
209.634749930257
212.217664834462
214.825077652809
217.456131636856
220.111316025694
222.789850838876
225.492095003708
228.217354901908
 230.96584865219
233.736979386969
236.530813284032
239.346861513846
 242.18502644148
245.044939588481
247.926326765604
250.828953339324
253.752354791049
 256.69644519799
259.660554697856
 262.64476255375
265.648177046022
268.671061005548
271.712282512263
274.772308629522
277.849746642456
 280.94529127514
284.057265628123
287.186618899693
290.331363111822
 293.49273295051
296.668398025946
299.859914809107
303.064573474617
306.284295325617
309.515946683524
312.761865502842
 316.01844007603
319.288488451492
322.567853601948
325.859912861076
 329.15987858223
332.471788476893
335.790113613049
339.119684585121
342.454083672366
345.799113631773
349.147264937665
352.505564759809
355.865121203275
359.234558965133
362.603167102145
365.981757937947
 369.35710295643
372.743229510023
376.123180836019
379.516285961349
382.899560895128
 386.30335742988
389.694799859337
393.153143508215
399.695848343767
 403.51008784474
406.960945916758
 410.38982555338
413.765394122152
417.146995982677
420.498471276086
423.855360306909
427.188680661948
430.524946905299
 433.84024533314
437.156110361118
440.452127563444
443.746604503255
447.021656636629
450.293305481454
453.545579034516
456.792782843214
460.020445443793
463.241530096139
466.442954719432
469.636072156577
 472.80947532653
475.973021034217
479.116693786143
482.249107562367
485.361420913007
488.461200478356
 491.54060851379
494.606318392218
497.651360079012
500.681637366769
503.690937499146
506.684495565776
 509.65676506471
512.612395798223
515.546431484916
518.463006458561
521.357690378904
524.234161184198
527.088459537803
529.923857450507
532.736819166101
 535.53025426463
538.301009257489
541.051669083633
543.779426227408
546.486574060207
549.170618903542
551.833591704318
554.473283961356
  557.0914900391
559.686260881909
562.259177321699
564.808526501547
 567.33569639379
569.839189217114
572.320218721464
574.777482905121
577.212038179552
579.622760608594
582.010564631277
584.374488041011
586.715317349946
589.032236952485
591.325918325384
593.595678399255
595.842085493925
 598.06457595362
600.263625926822
602.438778887431
604.590429008104
606.718215358467
608.822459629174
610.902885625243
612.959751423729
614.992855312145
617.002400063049
618.988248743252
620.950556628151
 622.88924235972
624.804421072043
626.696058232405
628.564235782037
630.408957678153
632.230279249034
634.028234985181
635.802859847642
 637.55421125009
639.282309728339
640.987228326291
642.668978820007
644.327642880925
645.963228938653
647.575820554847
649.165427995656
650.732130217811
652.275944296453
653.796938308593
655.295140918174
656.770603247403
658.223370152517
659.653469905821
661.060967997897
662.445864117018
663.808248682406
665.148087206744
666.465499197034
667.760410523373
669.032973816137
670.283069942639
671.510888579431
672.716260320061
673.899415707298
675.060129861605
 676.19867791847
677.314774379855
678.408742615535
679.480231399572
680.529615900657
681.556474073304
682.561236380186
 683.54340486351
684.503468712087
685.440848942555
686.356096845376
687.248547257716
688.118816895953
688.966149201887
689.791229595599
690.593204823498
691.372832244885
692.129156502888
692.863010092216
693.573330011496
694.261027050125
694.924924860977
695.566015651751
 696.18300383845
696.776966134424
697.346481606217
697.892714522904
698.414112232774
698.911929569408
699.384475499088
699.833098382134
700.255961802246
700.654510553907
701.026755453171
701.374240569898
701.694816130622
701.990128240879
 702.28512443692