478.072742711349
478.073073162411
478.073331278589
 478.07338620091
478.073296214904
 478.07304353872
478.072632604888
478.072070241092
478.071348999617
478.070480467899
478.069454760599
478.068283793746
478.066957367543
478.065486762296
478.063861937032
478.062093349418
478.060171217686
478.058105161725
478.055885674442
478.053521558379
478.051003576711
478.048339740223
 478.04552107281
478.042554817685
478.039432248148
478.036159861391
478.032729167837
478.029145937537
478.025401904989
 478.02150212951
478.017438555927
478.013215546997
478.008825243444
478.004271323639
477.999546109078
 477.99465260414
477.989583295241
477.984340521583
477.978916917901
477.973314165623
477.967525030384
477.961550542018
477.955383578751
477.949024523932
477.942466349083
 477.93570879525
 477.92874490688
477.921573786107
477.914188528716
477.906587600673
477.898764126168
477.890715937212
 477.88243616197
477.873922000317
477.865166558285
477.856166405172
477.846914596911
477.837407073647
477.827636811204
477.817599122007
477.807286869484
477.796694739944
477.785815449639
477.774643060691
477.763170104659
477.751390021918
477.739295118823
477.726878217148
477.714131354265
477.701046737417
477.687616087663
477.673831002954
477.659682836839
477.645162584646
477.630261177036
477.614969015105
477.599276546715
477.583173589167
477.566650042722
477.549695153715
477.532298204717
477.514447886721
477.496132788807
477.477341065458
477.458060530324
477.438278823889
477.417982895802
477.397159899244
 477.37579582417
477.353877367891
477.331389457297
477.308318370614
477.284647860042
477.260363827506
477.235448730023
477.209888142715
477.183663097395
477.156758899373
   477.129155015
477.100836545102
477.071781239319
477.041974068573
 477.01139090276
476.980016667715
 476.94782517791
476.914801410229
476.880916934494
476.846156887235
476.810490389892
476.773902860964
476.736360754232
 476.69784990756
476.658333871178
476.617799056238
476.576205855746
476.533541426159
476.489762730592
476.444857862605
476.398780062464
476.351518574214
476.303022600656
476.253282773227
476.202243919535
476.149898320923
476.096186067435
476.041101380657
475.984579224429
475.926616081108
475.867141371713
475.806154192647
475.743577975583
475.679414820164
475.613581687889
475.546084122802
475.476832031029
475.405835263834
475.332996126231
475.258327271429
475.181725982126
475.103206153336
475.022660462984
474.940103907071
474.855424580718
 474.76863855163
474.679629338938
474.588414054985
474.494871667488
474.399020299007
474.300734412837
474.200033098313
474.096786386274
473.991014279181
473.882582474902
473.771511823927
473.657663820798
473.541060086123
473.421558073691
473.299180081994
473.173779722494
473.045379863335
472.913830510956
472.779154977096
472.641199942536
472.499989016678
 472.35536587938
 472.20735426967
472.055795240019
471.900712466448
471.741944799995
471.579515633683
471.413262099227
471.243207056258
471.069186459356
470.891222350564
470.709150113711
470.522990651476
470.332579451838
470.137935914555
469.938896379743
469.735478334194
469.527519796117
469.315035877523
469.097867183873
 468.87602593289
468.649356315296
468.417867070654
468.181407068008
467.939980912944
 467.69344334778
467.441794107792
467.184895113058
466.922740401878
466.655200494768
466.382262804826
466.103808003763
465.819815836736
465.530178816946
465.234867849351
464.933789131867
464.626903409993
464.314132578354
463.995425736199
463.670722674524
463.339959167768
463.003095313403
462.660051661869
462.310811265347
461.955277295826
461.593458680491
461.225238761256
460.850655574641
460.469569832476
460.082052281343
459.687937791391
 459.28733385229
458.880045790495
458.466222387881
458.045635135227
457.618479279454
457.184487466449
456.743907344646
456.296426823513
455.842352837315
455.381321567817
454.913707313454
454.439086145842
453.957909334446
453.469682668947
452.974945988487
452.473122283647
451.964854209595
451.449466299082
450.927721870098
450.398827023908
449.863688614633
 449.32136823459
448.772946385792
 448.21730513053
447.655739550063
447.086903476042
446.512364430439
445.930477233865
445.343167776196
444.748382869449
444.148542855847
443.541004775902
442.928918772146
442.308710942461
441.684723907002
441.051669835303
440.416194938404
439.768441811384
439.120291820596
437.748621964172
437.062734799023
436.377535043471
435.698962353535
435.012124835713
434.325831522663
 433.63158763715
432.936332114463
432.233763320449
431.529585685229
430.818667113481
430.105896486932
429.386884879337
428.665949897971
427.939221972989
427.210546287949
426.476592975395
425.740689308207
424.999978041924
424.257374798617
423.510402068331
 422.76163981238
422.008923069247
421.254552244272
420.496624676978
419.737203821997
418.974610673034
418.210704863977
417.444000611792
 416.67618002102
415.905926083821
415.134764613936
414.361527390556
413.587601366429
412.811950511361
412.035837426478
411.258344300066
410.480621618524
409.701857877719
408.923101895353
408.143638204467
407.364422973186
406.584827822266
405.805724141578
405.026562764868
404.248137244126
 403.46997063392
402.692784828232
401.916168841079
401.140778463155
400.366263016257
399.593217225849
398.821345581952
398.051186353846
397.282494493076
396.515756064092
395.750772141161
394.987980535997
394.227224421125
393.468897056461
 392.71287995817
391.959525323978
391.208749491755
390.460866908407
389.715825413054
 388.97390486253
388.235081451861
387.499603481061
386.767472508482
386.038908202487
385.313934625893
384.592745648851
383.875385097211
383.162023798435
382.452722703414
381.747632286227
381.046828076202
380.350442827062
379.658564180935
378.971309756414
 378.28877691471
377.611070683968
376.938295814814
376.270547255337
375.607934873084
 374.95054601759
374.298493451977
373.651859384584
373.010757298604
372.375266698552
371.745499653361
371.121535384832
370.503482450328
 369.89142219715
369.285457607133
368.685674551477
368.092168402584
367.505031947038
366.924350941016
366.350227473793
365.782735702996
365.221989406378
364.668049182763
364.121042885277
363.581015613611
363.048111686888
362.522358783278
362.003920084927
361.492803942258
 360.98919480663
 360.49307980905
360.004667088298
359.523920677366
 359.05107483571
358.586068631456
358.129164896238
357.680275877018
357.239695450779
356.807307196525
356.383438535067
355.967942539252
355.561182701469
355.162979758048
354.773735834204
354.393237506637
354.021928132763
353.659558313379
353.306615280604
352.962811849698
352.628681818545
352.303898413921
351.989044745063
351.683752654316
351.388657368862
 351.10334755833
350.828513442601
350.563698739017
350.309651610886
350.065869053849
349.833160209983
349.610973596075
349.400182462519
349.200185105043
349.011922116682
348.834739848295
348.669649586418
348.515944036019
348.362292219436