2160139.66017622
2160136.00032028
2160186.42127578
2160213.49614543
2160238.70378774
2160266.83830861
2160281.22724212
 2160303.8992384
2160310.83131128
2160326.70046498
2160327.02978909
2160335.89807928
2160329.89083273
2160331.79486212
2160319.56295433
2160314.57089685
2160296.17084155
 2160284.3378445
2160259.79404679
2160241.15312961
 2160210.4639817
2160185.02476009
2160148.16471236
2160115.91373466
2160072.83432054
2160033.73563274
2159984.36612974
2159938.36176999
2159882.60966126
2159829.62002677
2159767.37130935
2159707.29539138
2159638.41474927
2159571.13024233
 2159495.4610953
2159420.82438784
2159338.18882392
2159256.03487717
2159166.23347519
2159076.37559572
2158979.18714318
2158881.41665367
2158776.59776429
2158670.68357628
2158557.96821056
 2158443.6563021
2158322.75519358
2158199.76799391
2158070.36798319
2157938.40366628
2157800.16694429
2157658.89863216
2157511.46189352
2157360.53677011
2157203.51027736
2157042.54861323
2156875.51517183
2156704.10925964
2156526.62310386
2156344.33610424
2156155.92169335
 2155962.2863906
2155762.43711493
2155556.95458192
2155345.13137786
2155127.26954909
2154902.89942228
2154672.09157424
2154434.56603003
 2154190.2091678
2153938.88254793
2153680.33569708
2153414.52342174
2153141.10582465
2152860.08253913
2152571.07175477
2152274.06938005
2151968.69928684
2151654.90497356
2151332.36367476
2151000.91766058
2150660.34529224
2150310.33866264
2149950.82510441
2149581.29745759
2149201.87994722
2148811.81696416
2148411.47761697
2147999.80853846
2147577.47177377
2147143.06678658
2146697.59666379
2146239.26419929
2145769.46166719
2145285.94561645
2144790.54568004
2144280.52253032
2143758.19134094
2143220.26723979
2142669.59911496
2142102.30686927
2141521.82125041
2140923.61726919
2140311.75562658
2139681.01681761
2139036.13951356
 2138371.1601459
2137691.54326896
2136990.53181489
2136274.36399953
2135535.43997155
   2134780.81922
2134002.01002063
2133206.94054569
2132386.17834985
 2131548.5674596
2130683.68615202
2129801.34120007
2128890.07339243
2127960.69881994
2127000.67297518
 2126021.8674733
2125010.60516752
2123979.85899218
2122914.77234705
2121829.46482067
2120707.85414268
2119565.25138029
2118384.30304702
 2117181.5559419
  2115938.340607
2114672.48296925
2113363.95491297
2112031.89769401
 2110654.9167357
2109253.32442765
2107804.86170185
2106330.21970651
2104806.94299518
2103255.77218665
2101654.18599154
2100022.90098188
2098339.38810534
2096624.28703171
 2094855.1133859
2093052.37899725
2091193.69617001
2089299.39850048
2087347.24688807
2085357.34681932
2083307.65960132
2081218.01332201
2079066.62135944
2076872.98578306
2074615.62350561
2072313.66271042
2069945.97505625
2067531.26780928
 2065048.8182785
2062516.86670264
 2059915.1465817
2057261.38602093
2054535.82483083
2051755.63496309
2048901.61217841
2045990.32941928
2043003.18749777
2039956.11873027
2036831.17748435
2033643.61514078
2030376.18747234
2027043.42598341
2023628.83499203
2020146.18860663
2016579.78606836
2012942.60803331
 2009219.7942332
2005423.49730778
 2001539.7421935
1997579.82045693
1993530.68606413
1989402.73795675
 1985183.9020387
1980883.65455872
1976490.93533369
 1972014.2692921
1967443.65120216
1962786.62741768
1958034.28777202
 1953193.1740674
1948255.51042275
1943226.80926262
 1938100.4673726
1932880.94396233
1927562.84610713
1922149.55675177
1916636.93024044
1911027.25074333
1905317.65636242
1899509.31022501
1893600.67039085
1887591.75655874
1881482.38291635
1875271.40280216
1868960.02300193
1862545.90650375
1856031.68987838
1849413.82010342
1842696.40196274
1835874.63835948
1828954.14261984
 1821928.8422193
1814805.90208795
1807577.93855456
1800253.71499831
1792824.49519393
  1785300.692936
1777672.17070581
1769951.05151578
 1762125.7384105
1754210.13148041
1746191.10413443
1738084.41337134
1729875.31725553
1721581.52536848
1713186.57462523
 1704710.2439472
1696134.21697972
1687480.48704911
1678728.71745818
 1669903.2995011
1660981.66179806
1651990.83042642
1642905.71961948
1633756.30233299
1624514.60580877
1615213.97135399
1605823.03005354
1596379.07754031
 1586846.6302559
1577267.78259378
1567601.87953796
 1557897.0882485
1548105.93932623
1538284.71558836
1528376.37378405
1518448.87822081
1508430.40555956
1498407.65665302
1488282.03931051
1478176.00033907
1467920.36916135
1457718.29717123
1436624.75952741
1426186.93572876
1415812.48041663
1405590.45028149
1395296.53726639
1385063.63432109
1374765.76773818
 1364506.8825019
 1354194.7869944
1343914.22839675
1333591.07596975
1323297.30521672
1312970.29464456
1302672.99359851
1292350.84796825
1282059.35890838
1271752.15464084
1261476.78021477
1251193.94258652
1240944.86602082
1230695.89956661
1220483.11745003
1210277.46962918
1200110.74611789
1189957.71747603
1179846.54841827
1169755.22876344
1159708.81166989
1149688.03191192
1139715.24009901
1129773.53444429
1119882.89464317
1110028.47026191
1100228.14338617
1090468.85590075
1080766.62083002
1071109.95462486
1061513.19492177
1051966.24763089
1042481.94112321
1033051.41185002
1023686.12300362
1014378.30393893
1005138.17893268
995958.950099543
   986849.714496
977804.541384762
968831.500273751
959925.434149455
951093.474626622
942331.155301192
933644.751130861
925030.411997601
916493.630299457
908031.105430972
899647.615222993
891340.348336257
883113.430761883
874964.485857354
866897.045923139
858909.119408782
851003.699059251
843179.133175367
835437.925534556
827778.722901575
820203.587515309
 812711.42663415
805303.905553388
797980.157096382
 790741.49164949
783587.235389378
776518.383500189
769534.425734872
762636.079652908
755822.970994414
749095.575314229
742453.628721706
735897.398579131
729426.707527229
723041.646871699
716742.103557423
710528.023410846
704399.336913796
698355.873538102
692397.587860654
686524.220767307
680735.732692731
675031.802438852
 669412.37915678
 663877.10488356
658425.901343029
653058.398022436
647774.473983217
642573.769349624
637456.106113093
632421.157266353
627468.674076618
622598.383752368
617809.953867989
613103.186380687
608477.652826578
603933.249699259
599469.440716766
595086.236020313
 590782.98024261
586559.815676099
 582415.95706403
578351.696815207
574366.109396706
570459.654830661
566631.257296158
562881.561528481
559209.331742057
555615.414160675
552098.403655741
548659.364464988
545296.713002469
542011.747872122
538802.698148474
535671.113060031
532615.025662416
 529636.25205589
526732.620773711
523906.231109976
521154.698723484
518480.422589883
515880.797271284
 513358.53817389
510910.810651566
508540.663652803
506245.025306798
504027.295687482
501884.157765703
499819.380911624
497829.395078716
495918.357818103
494082.438278173
492326.201925984
490645.549389838
489045.474787546
 487521.60259419
486079.377477884
484714.140225449
483431.809301125
  482227.4343918
481107.432551833
480066.555116838
479029.183984603