820799.664180286
820799.862860569
820820.269171882
820830.841808315
820840.018777907
 820849.53729674
820853.083298584
820859.059457542
820858.302380459
820860.243580162
820855.535704585
820853.384440681
 820844.84473885
820838.628249193
820826.310332298
820816.062468431
820799.993103422
820785.737379395
820765.925746224
820747.672056454
820724.112316512
820701.856634742
820674.528903313
820648.253566035
820617.124443737
 820586.79848704
820551.821417395
820517.400854803
820478.516374342
820439.944396232
820397.080297415
820354.287392622
820307.358808742
820260.262812646
820209.172230635
820157.678304178
820102.315509907
820046.316053485
819986.558013291
 819925.93251882
819861.643200356
819796.258044232
 819727.28817916
819656.996358365
819583.183148958
819507.823962081
819428.990733352
819348.389407959
819264.345206611
819178.312474015
819088.851615171
818997.183233431
818902.084795845
 818804.56102152
818703.588291768
818599.973300805
818492.873166716
818382.914424641
818269.416718146
818152.844299625
818032.661089017
 817909.18694673
817782.011778295
817651.328961025
817516.836049923
817378.617869693
 817236.46123996
817090.360388091
816940.172961641
816785.820573594
816627.213208152
816464.217877108
816296.778353089
816124.725092328
815948.017048795
815766.466203039
815580.028023036
815388.514129162
815191.857774924
 814989.88837262
814782.498171403
814569.552564648
814350.883946229
814126.411916793
813895.890104027
813659.310578557
813416.329232795
813167.028905486
812910.948729114
812648.280642457
812378.427941322
812101.710027994
811817.375237117
811525.888826682
811226.325003284
810919.313298086
810603.734586707
810280.401112109
809947.981187405
  809607.4882224
 809257.35871612
808898.825711242
808530.074630841
808152.576621379
807764.246768815
807366.812792406
806957.900192814
806539.511721722
806108.964072914
805668.553472587
805215.268627661
804751.717654528
804274.542151286
803786.680504276
803284.408156678
802771.012098416
802242.382666884
801702.173732251
801145.871691281
800577.515502644
799992.168925945
799394.274136168
798778.453721316
 798149.57110746
797501.789363855
796840.411096327
796159.121722124
795463.680835757
794747.278311678
794016.148405088
793262.967845106
 792494.46298359
791702.780558825
790895.153911971
790063.195676557
789214.595400498
788340.618535449
787449.106836327
786531.241609007
785594.886351783
784631.189927258
783648.009479714
782636.484198729
781604.445086508
780543.042254041
779460.061572609
778346.684585363
777210.633292296
776043.141243357
774851.848062677
773628.059944883
772379.315897121
771097.015447209
 769788.57903847
768445.520256324
767075.123358753
765669.036732908
764234.391185932
762762.990652965
761261.795610745
759722.786271805
758152.736317509
756543.822930005
754902.616971812
753221.513228117
751506.864185192
749751.302783088
747960.948062129
746128.691563635
744260.404318007
742349.256784164
740400.857938057
738408.677317253
736378.048326837
734302.759563353
732187.855875524
730027.464693265
727826.329850473
725578.937154407
723289.717481252
720953.534306046
718574.494100001
716147.857021912
713677.394156883
711158.781071205
708595.442908849
705983.489061568
703325.988551557
700619.502700364
 697866.73453745
  695064.7151043
692215.771797343
689317.422862651
686371.610558976
683376.357536517
680333.211434538
677240.716256633
674100.015430698
670910.191065561
667671.972520059
664384.996637656
661049.568402573
657665.896002261
654233.849080108
650754.223893077
647226.442867534
643651.907349823
640029.579469766
 636361.48320775
632646.105766652
628886.112126469
625079.497966545
621229.588832195
 617333.86981489
613396.348276777
609413.976576062
605391.467452677
601325.214544618
597220.662644977
593073.615885275
588890.281948805
 584665.83864827
580407.292932452
576109.151856462
571779.265381321
567411.415609983
563014.349113999
558581.056198954
 554121.24691571
549627.036247128
 545109.18268151
540558.819915176
535987.864892324
531386.333142576
526767.445542799
522119.918739423
517458.474560006
512770.285705363
508071.849495879
503348.451070285
498618.759574554
493865.669727777
489110.621211486
484333.339623933
479558.996038298
474762.842725028
469975.460162404
465165.171410761
460371.287192962
455549.552767006
450756.016291334
445913.217144354
441115.105494741
431206.464817489
426332.436052682
421510.426691716
416781.133965646
412040.543783026
407349.889895831
402651.463326904
397992.771791741
 393332.02055665
388707.582731348
384086.174731427
379500.062184579
374921.386358027
370378.071164816
 365846.06050398
361349.707979777
356868.736010982
352423.768623797
347997.760716963
343608.379712912
339241.136371602
334911.295760381
 330606.43457075
326339.826267258
322100.746821038
317900.791453444
313730.653455878
309600.494804732
 305502.20437327
301444.706529668
297420.908057618
 293438.65483875
289491.726936842
285587.023283888
 281719.07789161
277893.953052457
274106.837119321
270363.049449487
266658.348757353
262997.391983576
 259376.43677965
255799.547573682
252263.419743051
248771.586453726
245321.127997786
241915.100389907
238550.923002403
235231.222852507
 231953.71840364
 228720.65080574
225530.002559822
222383.667798716
219279.862204003
216220.168059775
213203.006961352
 210229.68131596
207298.794454384
204411.398079546
201566.255749627
198764.195164393
196004.120920122
193286.661216223
190610.844519429
187977.122062649
185384.630784372
182833.665710443
180323.458405263
177854.166839113
175425.104723596
173036.310660831
 170687.16923779
168377.616037216
166107.096317559
 163875.45776289
161682.197046345
159527.087944248
157409.670129219
 155329.65641918
153286.621820252
151280.230179604
149310.084838903
147375.811773434
145477.036258997
143613.356676171
141784.414366827
139989.789634472
 138229.13449636
136502.019994976
 134808.10385993
133146.956041473
131518.235401892
129921.518371937
128356.460710687
126822.652354526
125319.742031813
123847.339708164
122405.083430229
120992.609258846
119609.541155858
118255.546927765
116930.233270497
115633.305011462
114364.348598141
113123.110817824
111909.155064311
110722.274725057
109562.007492888
108428.197733477
107320.354931664
106238.378582707
105181.747580638
104150.420509674
103143.843399631
102162.037725202
101204.414474518
100271.061690107
99361.3532245642
98475.4472749421
97612.6785368082
96773.2788912355
95956.5419174234
 95162.776686521
94391.2337549716
93642.3029008366
92915.1897961428
 92210.368488562
91526.9979416312
90865.6401173996
90225.4054782926
89606.9476652961
89009.3268736515
88433.2923473882
87877.8522713748
87343.8556184904
86830.2568407646
86338.0090127484
85866.0111514176
85415.3251017615
84984.7927651306
84575.5897751996
 84186.499262693
83818.8160767459
83471.2629546689
83145.2598618667
82839.4675616747
82555.4375839748
82291.7671940368
82029.1557548733