 4.95978833522282
  4.9597826792192
 4.95990063103317
 4.95996337777424
 4.96002069786588
 4.96008345772283
  4.9601134119264
 4.96016119307071
 4.96017158459535
 4.96020133739826
 4.96019417349815
 4.96020547271149
 4.96018139403666
 4.96017434560806
 4.96013362719452
  4.9601084004225
 4.96005118029139
 4.96000790542458
 4.95993423874272
 4.95987298639199
 4.95978285990791
 4.95970363844688
 4.95959697558293
 4.95949973221095
 4.95937639568765
 4.95926101796813
 4.95912081153918
 4.95898712872689
   4.958829798407
 4.95867758243506
 4.95850281732924
  4.9583317834478
 4.95813921622529
 4.95794902330691
  4.9577382303459
 4.95752848087525
 4.95729898209724
 4.95706922186104
 4.95682048026973
 4.95657019775995
 4.95630161869787
 4.95603024423921
 4.95574117437166
 4.95544807898239
 4.95513780501788
 4.95482229901154
 4.95449004616533
 4.95415137749944
 4.95379630770616
 4.95343366008298
  4.9530548699631
 4.95266736068647
 4.95226387927035
 4.95185055686163
 4.95142134307415
  4.9509811846501
 4.95052512455817
 4.95005703297222
 4.94957293679672
 4.94907573754479
 4.94856233643801
 4.94803477432968
 4.94749071691866
 4.94693145251354
  4.9463553012095
 4.94576290701866
 4.94515313409184
 4.94452609054364
  4.9438810739633
  4.9432177651326
 4.94253578417102
 4.94183449327092
 4.94111372387067
  4.9403726285058
 4.93961113840949
 4.93882830558999
 4.93802404923204
 4.93719743014792
 4.93634824330828
 4.93547566786427
 4.93457926208469
 4.93365843319653
 4.93271238996109
 4.93174087761531
 4.93074264229775
 4.92971787737807
  4.9286647529602
 4.92758402084557
 4.92647316141243
 4.92533359535308
 4.92416199937273
 4.92296057365326
 4.92172507705131
 4.92045859995191
 4.91915586899332
 4.91782097556314
 4.91644749955717
 4.91504064421701
 4.91359272806392
 4.91211017705863
 4.91058393366096
 4.90902175738616
 4.90741309995085
 4.90576716518236
 4.90407179944482
 4.90233776150394
 4.90055117790958
 4.89872447280251
 4.89684193868655
 4.89491777526103
 4.89293432707289
 4.89090767924158
 4.88881811486613
 4.88668371395173
 4.88448258518573
 4.88223491244978
 4.87991651769891
 4.87754979712283
 4.87510817439122
 4.87261636578547
 4.87004528603739
 4.86742207856202
 4.86471503954283
 4.86195384573056
 4.85910406634166
 4.85619801672264
 4.85319843205377
 4.85014037048853
 4.84698362762095
 4.84376610744396
 4.84044456221037
  4.8370598429662
 4.83356555956988
 4.83000559513094
  4.8263303972835
 4.82258655678743
 4.81872250525761
 4.81478571691058
 4.81072415662309
 4.80658541711353
 4.80231729973396
 4.79796734663222
 4.79348333015611
 4.78891262101402
 4.78420308406599
 4.77940180223192
 4.77445685353266
 4.76941491807188
 4.76422440764248
 4.75893148575494
 4.75348501851908
  4.7479305404917
 4.74221749248038
 4.73639066933064
 4.73040020665634
 4.72429005062722
 4.71801115138504
 4.71160649944346
 4.70502797868649
 4.69831751916573
 4.69142805708899
 4.68440035960073
 4.67718853305148
 4.66983208177492
 4.66228639918718
 4.65458962962063
  4.6466985694481
  4.6386499086827
 4.63040196137639
 4.62198987192186
 4.61337358546751
 4.60458661262614
 4.59559064162074
 4.58641746436826
 4.57703062257571
 4.56746010786608
 4.55767142414881
 4.54769268451491
 4.53749146199162
 4.52709391626554
 4.51646979449553
 4.50564323142028
 4.49458625136252
 4.48332089581378
 4.47182156725405
 4.46010814873447
 4.44815751981835
 4.43598734283057
 4.42357707128367
 4.41094208713117
 4.39806451269163
 4.38495739220071
 4.37160560973492
 4.35801981633668
 4.34418774905673
 4.33011761161666
 4.31580008377008
 4.30124086850591
 4.28643367686505
 4.27138165765138
 4.25608164109303
 4.24053416741607
 4.22473927385291
 4.20869483565093
 4.19240418555633
 4.17586247416223
 4.15907641992027
 4.14203838431293
 4.12475856462741
 4.10722646219899
 4.08945585080953
 4.07143329186641
 4.05317623984823
 4.03466822508372
 4.01593049605067
  3.9969434462576
 3.97773224384709
 3.95827402117479
 3.93859800826983
 3.91867792837049
 3.89854723760918
 3.87817607205695
 3.85760230729751
 3.83679227568972
 3.81578850424327
  3.7945532553913
  3.7731339910143
 3.75148857257244
 3.72966974944122
 3.70763056515224
 3.68542950335261
  3.6630142567102
 3.64044962022014
 3.61767724255602
 3.59476899138797
 3.57165955075634
 3.54842889007695
  3.5250034738408
  3.5014728049715
 3.47775336123898
 3.45394624351389
 3.42995534779672
 3.40589648880494
 3.38165695156373
 3.35737226239021
 3.33290633401707
 3.30842312927943
 3.28375044005592
  3.2590979295181
 3.23422792291151
 3.20943740735741
 3.18431602766624
 3.15935811504507
 3.10777541813171
 3.08229894022667
 3.05701444957234
 3.03213783588455
 3.00712282282794
 2.98229240647726
 2.95734096784635
 2.93252050026815
 2.90760807163287
 2.88280853463756
 2.85794316883515
 2.83318541498976
  2.8083847283178
 2.78369230755816
 2.75897735775483
 2.73437274460645
 2.70976757412306
 2.68527526887411
 2.66080209109937
 2.63644602726165
  2.6121269796991
 2.58793036888594
 2.56378718972875
 2.53977242073812
 2.51582624103021
 2.49201480485996
 2.46828600587822
 2.44469843650943
 2.42120654683549
 2.39786237348268
 2.37462599256347
 2.35154370144709
 2.32858044237335
 2.30577744704622
 2.28310389429048
 2.26059651395179
 2.23822819340435
 2.21603163878669
 2.19398299830507
 2.17211136476232
 2.15039576394321
 2.12886203136188
 2.10749173952875
 2.08630777866203
 2.06529398022797
 2.04447056502405
  2.0238233714898
 2.00337019696031
 1.98309866486958
 1.96302437002439
 1.94313652424057
 1.92344871960123
 1.90395158130038
 1.88465688049837
 1.86555649929921
 1.84666055426531
 1.82796204394136
 1.80946958319897
 1.79117716044251
 1.77309203003012
 1.75520905576354
 1.73753426232852
 1.72006328508639
 1.70280104071367
 1.68574384164826
 1.66889561001219
 1.65225324910605
 1.63581979256139
 1.61959265566309
 1.60357408292032
 1.58776192925253
 1.57215774331398
  1.5567597531368
 1.54156889920191
 1.52658372134833
 1.51180463442841
 1.49723043346227
 1.48286108547735
 1.46869558825742
 1.45473353441975
 1.44097407588571
 1.42741650020496
 1.41406006823219
 1.40090382800787
  1.3879471072082
 1.37518877640295
 1.36262819077668
 1.35026410219214
 1.33809585656404
 1.32612214276662
 1.31434226296428
 1.30275489593266
 1.29135926768916
 1.28015409717873
   1.269138503765
 1.25831129440611
 1.24767145301883
 1.23721792018583
 1.22694951713709
 1.21686536164483
 1.20696408641853
 1.19724502812072
 1.18770660637818
 1.17834841675948
 1.16916864239428
 1.16016717626493
 1.15134194262296
 1.14269316904006
 1.13421849943655
 1.12591853199284
 1.11779060967525
 1.10983573631207
 1.10205093403264
 1.09443764654978
 1.08699255592878
 1.07971757938124
 1.07260904025977
 1.06566936244995
 1.05889449244973
 1.05228739374258
 1.04584361827065
 1.03956670198152
 1.03345178494118
 1.02750300857012
  1.0217150840642
 1.01609279167749
 1.01063039702017
 1.00533335311186
 1.00019546349816
0.995222888699034
0.990408953918959
0.985760562962866
0.981270546593366
0.976946588998388
0.972781010556618
0.968782314535689
0.964942295140516
0.961270315322374
0.957757627479828
0.954414497096868
0.951231619311722
0.948220207607572
0.945370384624998
0.942694360341554
0.940181669938565
0.937845571870199
0.935674999257897
0.933511992956922