2089505.32089461
2089501.63542627
2089550.32476472
2089576.46961517
2089600.86035956
2089628.12233281
2089642.13826016
2089664.20578477
2089671.09715696
2089686.67215527
2089687.26372275
 2089696.1534807
2089690.70168172
 2089692.9407837
2089681.55320637
2089677.20711214
2089659.93810503
 2089649.0599999
2089625.93317723
2089608.55515659
2089579.56927984
2089555.70110397
2089520.83207418
2089490.46148437
2089449.66332498
2089412.75658283
2089365.96207275
2089322.46443314
2089269.58554885
2089219.42161126
2089160.34982223
2089103.42375619
2089038.03019124
2088974.22584158
2088902.36133655
2088831.54221549
2088753.03724966
2088675.04642208
2088589.71094971
2088504.37081687
2088411.99399871
2088319.10598474
2088219.45582365
2088118.79996849
2088011.62285243
2087902.95731376
2087787.97746872
2087671.03793528
2087547.95679004
2087422.45580763
2087290.95127181
2087156.57748325
2087016.30313949
2086872.72043906
2086723.30464992
2086570.15125251
2086411.19618217
2086248.08360719
2086079.16415792
2085905.67612752
2085726.33879036
2085542.03004145
2085351.79166073
2085156.18667008
2084954.53312084
2084747.12474234
2084533.50951989
2084313.75753313
2084087.60025385
2083854.92982292
2083615.61463527
2083369.41467687
2083116.28858187
2082855.91004184
  2082588.281122
2082313.03515943
2082030.17071575
2081739.32679397
2081440.45139022
2081133.23527454
2080817.52868884
2080493.12035051
2080159.71543424
2079817.24686136
2079465.22730591
2079103.78022149
2078732.17823386
 2078350.7817227
2077958.57561146
2077556.20365725
2077142.31533105
2076717.88426643
2076281.17664799
 2075833.5425207
2075372.81688001
2074900.77273932
 2074414.7659507
2073917.03905933
2073404.42078818
 2072879.6697658
2072339.03959181
2071785.85149784
2071215.73598296
2070632.62334726
2070031.47305806
2069416.87087008
2068783.05736554
2068135.32003375
 2067467.1328315
2066784.53112692
2066080.17466255
2065360.89266195
2064618.48325807
2063860.61530462
2063078.17816852
 2062279.7258698
2061455.19214064
2060614.06142616
2059745.26529534
2058859.26355838
2057943.93948888
2057010.77283995
2056046.55291333
2055063.82357523
 2054048.2349977
2053013.43887505
2051943.90167684
2050854.42613563
 2049728.2511018
2048581.37299197
2047395.75989348
2046188.64370998
 2044940.6806369
2043670.37287267
2042357.05742281
2041020.36684518
2039638.80481897
2038232.36827079
2036779.37264356
2035299.86162982
2033772.08822133
2032216.07193573
2030610.05937756
2028973.99478476
2027286.16902972
2025566.40180309
2023793.07847294
2021985.84544286
 2020123.2327111
2018224.66515558
2016268.86742834
2014274.99521414
2012222.01768648
2010128.77431947
2007974.52847034
2005777.75711609
2003518.06720306
 2001213.5277375
1998844.13834977
 1996427.5154967
1993944.10022206
1991411.01283075
1988809.18408761
1986155.19559881
 1983430.5156791
1980651.14582162
1977799.13918382
1974889.87693661
1971906.04378006
1968862.36162597
1965742.19276851
 1962559.5622561
1959298.55532632
1955972.46394447
1952566.14088792
1949092.11024539
1945536.03613079
1941909.64141872
1938199.44451539
1934416.33521536
1930547.72829717
1926603.65008081
1922572.45289516
1918463.27064359
1914265.43346554
1909987.15531847
1905618.78349141
1901167.58581623
1896624.96516126
1891997.21831279
1887276.84126896
1882469.13599041
1877567.72832839
1872576.90262427
1867491.45055667
1862314.61684874
1857042.39434134
1851676.96670014
1846215.56277103
 1840659.2839979
1835006.62977516
1829257.59809356
1823411.99338829
 1817468.6884893
1811428.82762894
1805290.13580394
1799055.13246242
1792720.37054657
 1786289.7813021
1779758.71914609
1773132.56549647
 1766405.4466802
1759584.23524793
 1752661.7957496
1745646.53641725
1738530.02095312
1731322.24268238
1724013.41843691
1716615.18254416
1709116.35001527
1701530.26070292
1693844.26139095
1686073.47336854
1678203.69403722
1670251.91711159
 1662202.2903377
1654073.79091162
1645848.79160764
1637548.39110657
 1629153.0286268
1620686.09898761
1612125.90427491
1603498.36079994
1594779.36772256
1585997.65987271
1577126.37927247
1568197.48043684
 1559180.8640901
1550112.26222431
1540957.65097649
1531757.34370184
1522472.38693805
1513148.88834008
1503741.40283865
1494303.77763612
1484781.45405987
 1475239.4154342
1465609.04905822
1455973.20170482
 1446237.8666171
1436520.04789493
1426659.37081518
1416853.55096444
1396510.82463857
  1386458.000198
1376471.43615813
1366632.18304294
1356723.24804329
1346872.15832846
1336957.46436044
 1327079.1441627
1317148.37227692
1307246.72351749
 1297302.7772611
1287385.84650674
1277435.59202259
1267512.65705096
1257564.46654885
 1247644.5065085
1237708.07875121
1227801.01727505
1217885.43973743
1208001.10022539
1198115.54988286
1188263.58844157
1178417.19878158
1168607.05869653
1158808.83207248
1149049.70823847
1139308.45353124
1129609.26269967
1119933.54817853
1110302.90330866
1100701.01951378
1091147.20749799
1081627.13733737
 1072158.0997822
1062727.49423921
1053350.81115485
1044016.96963895
1034739.84595512
1025509.70067626
1016338.95552001
1007219.05946024
998161.118127211
989157.636291922
980218.524829575
971337.228521702
962522.570826789
953768.834720595
945083.852037123
936462.653846467
927912.166535425
919428.089080585
911016.520520343
902673.756002243
894405.138468439
886207.494761867
 878085.47712828
870036.385907724
862064.243004832
854166.769519082
846347.412984717
838604.267299555
830940.257756105
823353.807288897
 815847.36768357
 808419.65085893
  801072.6808075
 793805.42167002
 786619.51265022
779514.136277955
772490.587525445
765548.236096547
758688.071064673
751909.620439045
 745213.60369261
738599.680380746
732068.334803886
725619.333205526
719252.957413959
 712969.05722024
706767.743079067
700648.926743114
694612.576902086
688658.647094064
682786.992463291
676997.589437227
671290.206537172
665664.825347973
660121.153478451
654659.160998185
649278.519181465
643979.170874734
638760.774538424
633623.230966889
628566.208342009
623589.551377843
618692.959597206
613876.208335017
609139.049226499
604481.175592467
 599902.41117062
595402.355236336
590980.922904441
586637.607921672
582372.435404991
578184.782586022
 574074.80262511
570041.745701366
566085.910542444
562206.410142409
558403.705870051
 554676.76376545
551026.224530675
547450.897808196
543951.620013756
 540527.03523814
537178.191751066
533903.559193901
530704.413664632
527579.041682983
524528.963060013
 521552.27271861
518650.750057884
515822.290099546
513068.947779393
510388.410061098
507783.023527074
505250.259052014
502792.771228319
500407.806918557
498098.345440831
495861.401815158
493700.297258158
491611.807197315
489599.612490215
487660.241294293
485797.752542549
484008.419514407
482296.698477152
480658.600295083
479098.998797562
477613.634975861
476207.821577608
474877.022358151
473627.011644391
472452.968713142
471361.153632253
470346.454112357
469335.161332882