0.104220341493281
0.104185037632075
0.104157309384282
0.104150979928717
0.104159898827892
0.104185941469792
0.104228624462594
0.104287211318398
0.104362456641295
0.104453108924236
0.104560164531851
0.104682325937736
0.104820607556819
0.104973768600983
0.105142791833105
0.105326513667629
0.105525874750136
0.105739790797106
0.105969158748171
0.106212971737101
0.106472083443797
0.106745561771935
0.107034218079263
0.107337192339568
0.107655254667476
 0.10798761450102
0.108335001851572
0.108696693130114
0.109073379426066
0.109464401739952
0.109870413456959
0.110290817879588
0.110726231941698
0.111176119043465
0.111641060955641
0.112120579042886
0.112615221237274
0.113124564794298
0.113649125169445
0.114188533483891
0.114743274118255
0.115313030072165
0.115898256095106
0.116498685105665
0.117114743710751
0.117746212806257
0.118393492393067
0.119056409410968
0.119735338842883
0.120430151737862
0.121141199704306
0.121868395955401
0.122612070427997
0.123372176534586
 0.12414902430743
0.124942605364648
0.125753211669627
0.126580871014437
0.127425859203086
0.128288238122744
0.129168269406641
0.130066046901768
0.130981820143879
0.131915712738747
0.132867964288504
0.133838725881427
0.134828229446589
0.135836651193616
0.136864217742202
0.137911127967476
0.138977605653245
0.140063869779577
 0.14117014388467
0.142296664377983
0.143443657266422
0.144611373587807
 0.14580004466365
0.147009933222815
 0.14824127888674
0.149494352990669
0.150769406588828
0.152066716379448
0.153386548138373
0.154729180513006
0.156094897454341
0.157483975962681
0.158896721791443
0.160333406502735
 0.16179436146277
0.163279848796821
0.164790229487032
0.166325752002584
 0.16788681114745
0.169473637281404
 0.17108666344923
0.172726097200119
0.174392414462387
0.176085795011432
0.177806762536564
0.179555463799604
0.181332475374393
0.183137905477924
0.184972388949863
0.186835989624385
0.188729406258086
0.190652652141977
0.192606495882906
0.194590893730041
0.196606690368803
0.198653778153187
0.200733084383667
 0.20284443029444
0.204988832659232
0.207166033979521
0.209377147696166
0.211621829559411
0.213901297221203
0.216215111238807
0.218564601384124
0.220949224138529
0.223370429682946
0.225827561080531
0.228322197606321
0.230853559084909
  0.2334233629829
0.236030695569073
0.238677422028346
0.241362484240244
0.244087905081746
0.246852470673049
0.249658372026375
0.252504227554625
0.255392407446413
0.258321349288857
 0.26129361702133
0.264307437574621
0.267365580870015
0.270466133914203
0.273611953574233
   0.276801057142
0.280036364677726
0.283315832247471
0.286642436675981
0.290014076580171
0.293433780149195
0.296899392235709
0.300413986718722
0.303975358653095
 0.30758662154693
0.311245524948692
 0.31495521552766
0.318713401961505
0.322523257191261
0.326382454021805
0.330294184341033
0.334256090460223
0.338271375439649
0.342337656877032
0.346458140766559
0.350630426193871
0.354857713369807
0.359137589512561
0.363473239838114
0.367862246808039
0.372307770921402
 0.37680739748474
0.381364252030154
0.385975930827899
0.390645513646147
0.395370616383343
0.400154261679006
0.404994094301133
0.409893067804846
0.414848865680176
0.419864359824805
0.424937282952332
0.430070412082631
0.435261540345793
0.440513335981559
0.445823664468447
0.451195070641532
0.456625505052631
0.462117373738317
0.467668725903038
0.473281812566306
0.478954796089599
0.484689755366647
0.490484981426927
0.496342362961915
 0.50226033628127
0.508240580737758
0.514281695745069
0.520385131010836
0.526549668217895
0.532776505820924
0.539064628431052
0.545414960183292
0.551826710951237
0.558300505835397
0.564835804196517
0.571432905509564
0.578091544995534
0.584811667760726
0.591593313718222
0.598436042375414
0.605340230003616
0.612305016385178
0.619331149107523
0.626417310704426
0.633564658889979
  0.6407713774094
0.648039077459807
0.655365397671764
 0.66275245149122
0.670197280357129
0.677702555225704
0.685264661295968
0.692886890171715
0.700564903231983
0.708302685515724
0.716095096451481
0.723946899261975
0.731852060097253
0.739816220126876
0.747832344172823
0.755907070230662
0.764032232249631
0.772215608659958
0.780447744903986
 0.78873773603243
0.797074643939285
0.805469100302539
0.813908437505283
0.822405104256497
0.830944386339768
0.839540915568259
0.848177511596305
0.856871481197841
0.865602605252953
0.874391550011891
0.883214245377982
0.892095712808541
0.901006821946492
  0.9099784839696
0.918974589310326
0.928034498714543
0.937111799380433
 0.94625910412385
0.955413149903789
0.964650794557202
0.973876122808454
0.983229895603061
0.992538470872567
 1.01215801827364
 1.02188299909116
  1.0315465622299
 1.04107175022182
  1.0506699941816
 1.06021929816407
 1.06983878223014
 1.07943299314549
 1.08908959664219
 1.09873081930905
 1.10842759103929
 1.11811386291177
 1.12784994260742
 1.13757801713926
 1.14735097749998
 1.15711778209615
 1.16692375794905
  1.1767251391318
  1.1865606903296
 1.19639240190688
 1.20625379727287
  1.2161115361424
 1.22599485395906
 1.23587427695045
 1.24577546356999
 1.25567219670434
 1.26558710280446
 1.27549674712027
 1.28542115151158
 1.29533928722773
 1.30526891331952
 1.31519110312432
 1.32512163083224
 1.33504342265963
 1.34497049734471
 1.35488742680379
  1.3648066661879
 1.37471425872063
 1.38462125835971
 1.39451503115842
 1.40440536884245
 1.41428083253802
 1.42415007185825
 1.43400273198062
 1.44384642522489
 1.45367178343348
 1.46348547391978
 1.47327902900012
 1.48305825292551
 1.49281550154857
 1.50255578940874
 1.51227222664993
 1.52196910426972
 1.53164022388524
 1.54128921309052
 1.55091050754971
 1.56050712650362
 1.57007408677648
 1.57961384999813
 1.58912196509793
 1.59860038317765
  1.6080451394588
 1.61745771848167
 1.62683459869336
 1.63617683938008
 1.64548132147635
   1.654748718049
 1.66397627375587
 1.67316431253472
 1.68231040567474
 1.69141456341066
 1.70047464798508
 1.70949038993117
 1.71845990795938
  1.7273826856842
 1.73625706479968
  1.7450823137432
 1.75385696454433
 1.76258010131686
 1.77125041447041
 1.77986683389313
 1.78842817698711
 1.79693324887218
 1.80538096301376
    1.81377002868
 1.82209942483318
  1.8303677933525
 1.83857414840873
 1.84671709257653
  1.8547956451501
 1.86280839717154
 1.87075434311016
 1.87863208999241
  1.8864405775914
 1.89417845622982
 1.90184458113666
 1.90943767308118
 1.91695647287499
 1.92439979876051
 1.93176624718877
 1.93905476081093
 1.94626376166319
 1.95339234367825
 1.96043872427384
 1.96740217549851
 1.97428067976224
 1.98107371404581
 1.98777899514215
 1.99439623178001
 2.00092284427258
 2.00735879992591
 2.01370119142476
 2.01995027150682
 2.02610277376159
 2.03215926324622
  2.0381160826376
 2.04397413623973
 2.04972934361612
 2.05538297528792
 2.06093049508744
 2.06637356676683
 2.07170716535717
  2.0769333748969
 2.08204664805704
 2.08704951625433
 2.09193587571316
 2.09670873234898
 2.10136139128337
 2.10589736006793
 2.11030931745141
   2.114601299761
 2.11876532343992
 2.12280598071271
 2.12671458906863
 2.13049632370926
 2.13414176574784
 2.13765670037126
 2.14103093405682
 2.14427088887681
 2.14736555750314
 2.15032202564192
 2.15312843200115
 2.15579255246497
 2.15830163054058
 2.16066415856772
 2.16286644243629
 2.16491771687683
  2.1669692117568