45.2726856298732
45.2573820931324
45.2453622926128
45.2426181728281
45.2464837192911
45.2577718430245
45.2762729725939
45.3016678098395
45.3342833723221
45.3735770809936
 45.419980705209
45.4729316857985
45.5328695728058
45.5992563717164
45.6725178689721
45.7521495069861
45.8385587720446
45.9312754544348
46.0306880511674
46.1363598835986
46.2486606521519
46.3671860611952
 46.492287420016
 46.623591644583
46.7614321196006
46.9054658413437
47.0560087626417
47.2127468778728
47.3759792184407
47.5454197408436
47.7213510810611
47.9035141627457
48.0921757674602
48.2871028266164
48.4885468234143
48.6962997679423
48.9105984164965
49.1312589540576
49.3585039974901
49.5921730233923
 49.832475113498
50.0792721686689
50.3327603576395
50.5928231496721
50.8596444416372
51.1331284225324
51.4134473788302
51.7005253736086
51.9945237662151
52.2953856470537
 52.603262155034
52.9181145559891
53.2400845002302
53.5691505679676
53.9054456797666
54.2489648560171
54.5998330753824
54.9580609071029
55.3237662068654
55.6969741802948
56.0777964123144
56.4662718072998
 56.862506567221
57.2665523283297
57.6785108354705
58.0984454565242
58.5264544455823
58.9626118643384
59.4070134856797
59.8597429854536
60.3208947108031
60.7905608258668
61.2688353562571
61.7558177778791
62.2516029507293
62.7562964307308
63.2699951229295
63.7928093716215
64.3248393954725
 64.866198970823
65.4169929596948
65.9773371445443
66.5473424250139
67.1271250891142
67.7168035363681
68.3164929799741
68.9263208531598
69.5463996288436
70.1768673830218
70.8178320923285
71.4694441636024
72.1318052250924
72.8050797854372
73.4893611706031
74.1848298488463
74.8915687823329
75.6097763476799
76.3395229681671
77.0810269726095
77.8343439506741
78.5997143265626
  79.37717643578
80.1669950448068
80.9691886823238
81.7840488121233
82.6115714649013
83.4520772694652
84.3055369223916
85.1723028024876
86.0523172845537
86.9459672043586
87.8531634691375
88.7743302053368
89.7093435420422
 90.658667861706
91.6221410331901
92.6002707968354
93.5928531009984
94.6004422873657
95.6227885385811
96.6604961878144
97.7132656151556
98.7817546872686
99.8656097465306
100.965545892274
102.081150989042
103.213201230569
104.361221351882
 105.52605267098
106.707151923245
107.905429756359
109.120269801971
110.352656470912
111.601894702681
112.869048581461
114.153331662762
115.455892589077
 116.77588369272
118.114487129395
119.470823893071
120.846099260888
122.239406439422
123.651970815176
125.082859344581
126.533314943391
 128.00237981036
129.491311688552
130.999129625183
132.527103320852
 134.07423040891
135.641789502792
137.228758698727
138.836422299401
140.463740886722
142.112001046667
143.780148022851
145.469467093009
147.178890499119
148.909698430649
150.660812632901
152.433504235844
154.226687169395
156.041619339065
157.877209725387
159.734698648306
 161.61299319853
 163.51331155079
165.434562168467
167.377936320395
169.342347318084
171.328954560042
173.336679905117
175.366645710182
  177.4177863161
179.491181656178
181.585782736286
183.702621468976
185.840669970621
188.000906314768
190.182328452098
192.385854570482
194.610513474797
196.857157182788
199.124850689637
 201.41437330887
203.724831901289
206.056926277453
208.409811204755
210.784099908484
213.179001499851
215.595035229358
 218.03147142117
220.488727624738
222.966142720025
225.464024455729
227.981788133418
230.519623182458
 233.07702977317
 235.65407002199
238.250338066052
240.865759170958
243.500031273006
246.152932619307
248.824275612441
251.513680578163
254.221086009067
256.945942541097
259.688327485899
262.447508993922
265.223717212929
268.016023783751
270.824827221619
273.648987153379
276.489087789886
279.343759442209
282.213791497802
 285.09756544999
287.996097949926
290.907499454785
293.833039156396
296.770530871837
299.721525561966
302.683510535867
305.658352710838
308.643177585871
311.640208536562
314.646166929738
317.663681272586
320.689017266768
323.725267994355
326.768179652088
 329.82138383612
332.880026602175
 335.94837199182
339.020861775456
342.102514747223
345.186930338323
348.280046090099
351.374430301175
354.477167140026
357.579525532713
360.690067398584
363.798362294459
366.914959814223
370.027094593111
373.148154176026
376.261936252358
379.386261154849
382.499317485347
385.627008634754
388.736668910354
391.875453269466
394.984876551313
401.492075314564
404.694123694441
407.860537603786
410.966556122758
414.081260852184
417.164990460858
420.256147765458
423.323940858373
426.396302562817
429.448367777763
 432.50248761675
435.537746407875
438.572944583279
441.589957428622
444.605100123306
447.602534502624
450.596096120052
453.572346802552
 456.54299425253
459.496494854894
462.442868424152
 465.37210410831
468.292851542847
 471.19636516516
474.090161550285
476.966557023354
479.832116974826
482.680061227673
485.516146692396
488.334370826776
491.139796199507
493.927096115913
496.700731608513
499.455968234765
502.196742039526
504.918841231355
507.625740807023
510.313692960882
512.985765650243
515.638625054983
518.274978173076
520.891862120928
523.491662610814
526.071750285468
528.634224012391
531.176755170828
533.701185908872
536.205459373257
538.691187527608
541.156559503479
 543.60298060395
546.028862840777
548.435425836938
 550.82128364702
553.187489031461
555.532839182845
557.858236966073
 560.16264546473
562.446833022869
564.709912798844
566.952532613223
569.173941124792
571.374678430784
 573.55411519989
575.712695560739
577.849899652089
579.966086471919
582.060833927215
584.134425916052
586.186527153809
588.217355756004
590.226652946374
592.214579742493
594.180944165438
596.125858256413
598.049187650498
599.951003031509
601.831218939417
603.689871869727
605.526916985567
607.342363359367
609.136198881668
610.908411603712
612.659014596928
 614.38798096559
616.095341731827
617.781060831109
 619.44518029271
621.087660393487
622.708547485977
624.307803455746
625.885472529666
627.441523248925
628.975991477894
 630.48885726012
631.980142051436
633.449842062595
634.897958465625
636.324508138012
637.729466244457
639.112874678494
640.474677007495
641.814944353954
643.133583213851
  644.4306980278
645.706152845085
646.960089401509
648.192324006229
 649.40303956597
650.591999421454
651.759431434648
652.905040797872
654.029104030463
655.131263027818
656.211846595078
657.270428196411
658.307392485389
659.322239357257
660.315412818094
 661.28633403493
662.235509818504
663.162277407807
664.067209824492
664.949555119364
665.809955890851
666.647565660268
667.463099932843
668.255612255616
669.025894338884
669.772894183729
670.497482975278
671.198497444581
671.876891494959
672.531384683396
673.163016849558
673.770384262722
674.354615891966
 674.91417836298
675.450292940474
675.961289972469
 676.44848615546
676.910068607967
677.347452558989
677.758674584031
678.145251502149
678.505061621385
678.839726353802
679.173982554283