  4.9653763553088
 4.96536907929098
 4.96547769343745
 4.96553438165138
 4.96558741997185
 4.96564755305046
 4.96567593173144
 4.96572476184324
 4.96573643426973
   4.965770552295
 4.96576769559237
 4.96578646393481
 4.96576976326294
 4.96577318465007
 4.96574290416901
 4.96573109326229
 4.96568734573908
 4.96566039978296
 4.96560321593433
 4.96556118443722
 4.96549053192228
  4.9654334106157
 4.96534920010049
 4.96527693058422
 4.96517901824371
 4.96509148872224
 4.96497967754666
 4.96487672354642
 4.96475076407089
  4.9646321688898
 4.96449175952753
  4.9643572543795
 4.96420204142508
 4.96405130528975
 4.96388088262765
 4.96371354182352
 4.96352745036429
 4.96334307786243
 4.96314080472294
 4.96293891921283
 4.96271989665143
 4.96249996136766
 4.96226356548047
 4.96202498679378
 4.96177053597464
 4.96151266174757
 4.96123941491026
  4.9609615326144
 4.96066868717327
 4.96037002176267
  4.9600567113652
 4.95973642289833
 4.95940171490187
 4.95905889590359
 4.95870178858709
 4.95833546114102
 4.95795488064257
 4.95756399320406
 4.95715879017431
 4.95674221409448
 4.95631116005708
 4.95586768580875
 4.95540946921872
 4.95493780231562
 4.95445102430803
 4.95394978090952
 4.95343295073088
 4.95290065292533
 4.95235218304164
  4.9517872538022
  4.9512054546778
 4.95060621248512
 4.94998928702752
 4.94935394015493
 4.94869997782143
 4.94802661827826
 4.94733358884077
 4.94662018597043
 4.94588593293529
 4.94513032666532
 4.94435256034597
  4.9435524540877
 4.94272874432832
 4.94188169752479
 4.94100946607415
 4.94011288639565
 4.93918939893122
 4.93824053411909
 4.93726289192293
 4.93625882128362
 4.93522395257318
 4.93416157812639
 4.93306622904491
 4.93194226633173
 4.93078299160617
 4.92959396016605
 4.92836711344236
 4.92710932697059
 4.92581105084069
 4.92448060704191
 4.92310682277977
 4.92169959293766
  4.9202459899672
 4.91875760825498
  4.9172196333775
 4.91564548593992
 4.91401833235489
 4.91235354619851
 4.91063214235825
  4.9088715740942
 4.90705057244026
 4.90518879693097
 4.90326256256855
  4.9012938615392
 4.89925646091445
 4.89717481159862
 4.89502000125386
 4.89281906515339
 4.89054028064521
 4.88821339249498
 4.88580373757191
 4.88334389461185
 4.88079613075975
 4.87819598242859
 4.87550251890475
 4.87275435708309
 4.86990724157309
  4.8670029915156
 4.86399390156562
 4.86092511365442
 4.85774534914838
 4.85450319112025
 4.85114367048617
 4.84771890797512
 4.84417022846306
 4.84055289375244
 4.83680587187465
 4.83298543595686
  4.8290300089484
 4.82499596441371
 4.82082154800797
 4.81656302951522
 4.81215863455747
 4.80766438800805
 4.80301863503224
 4.79827702053649
 4.79337814783571
 4.78837714823585
 4.78321302214255
 4.77794025489394
 4.77249838326621
  4.7669411157511
  4.7612086650045
 4.75535383354215
 4.74931764951126
 4.74315188234018
 4.73679851524458
 4.73030815974601
  4.7236238935253
 4.71679504794481
  4.7097659342121
 4.70258448411805
  4.6951963809609
 4.68764804065488
  4.6798866564858
 4.67195701555009
 4.66380795817541
 4.65548253330517
 4.64693136434096
 4.63819565656516
 4.62922795128121
 4.62006750862486
 4.61066892124301
 4.60106940682423
 4.59122574123499
 4.58117300672439
 4.57087029251617
 4.56035045681247
 4.54957503043134
 4.53857456332711
 4.52731315410186
 4.51581896462684
 4.50405878530569
 4.49205831434351
 4.47978715569526
 4.46726847237393
 4.45447480130982
  4.4414267025673
 4.42809976314112
 4.41451187576793
  4.4006417923129
 4.38650467667407
 4.37208255823838
 4.35738781278062
 4.34240585793009
 4.32714622348795
 4.31159782445777
 4.29576728728768
 4.27964713238753
 4.26324102478289
 4.24654519789305
 4.22956029516968
 4.21228637111362
  4.1947209837043
 4.17686811824717
 4.15872217760912
 4.14029119081453
 4.12156632783555
 4.10255977951703
 4.08325939410474
 4.06368165013467
 4.04381097068875
 4.02366825897842
 4.00323439047541
 3.98253484551533
 3.96154680497346
 3.94030049992349
   3.918769238053
 3.89698820349604
 3.87492661136048
 3.85262483997918
 3.83004773946493
  3.8072411760618
 3.78416529282274
 3.76087180926876
 3.73731572647558
 3.71355508131475
 3.68953917178994
 3.66533295428695
 3.64087928701801
  3.6162508452642
 3.59138305890635
 3.56635741080025
 3.54110053932117
 3.51570426268367
 3.49008448078475
 3.46434557100754
 3.43838978193694
 3.41233743989842
 3.38607249740227
 3.35973671558878
 3.33318762073637
 3.30659801063262
 3.27978243245167
 3.25296314660591
 3.22586640306362
 3.19879600244208
 3.17109235938009
 3.11888242010925
 3.08870016856258
 3.06120797501767
 3.03379016250183
 3.00671358472699
 2.97951009267083
 2.95247613774884
 2.92532957006535
 2.89830916284883
 2.87120388273131
 2.84421213309069
 2.81716227268181
 2.79022484013633
 2.76325377600536
 2.73639941945584
 2.70953386319522
 2.68279210436724
 2.65605987805914
 2.62946006644089
 2.60288908686429
 2.57645848846322
 2.55007768058208
 2.52384440352843
 2.49768018645893
 2.47167120953627
 2.44574907866118
 2.41999014339672
 2.39433450184215
 2.36885003089617
 2.34348406605623
 2.31829709967671
 2.29324269249084
 2.26837484003306
 2.24365249890015
 2.21912390374641
 2.19475271818825
  2.1705820349792
 2.14657964587952
 2.12278402920431
 2.09916661338702
 2.07576171716021
 2.05254398459593
 2.02954397136025
 2.00673917359123
 1.98415673296953
 1.96177668152061
 1.93962305701783
 1.91767815067041
 1.89596317400672
  1.8744624338859
 1.85319456603122
 1.83214567751081
 1.81133205558933
 1.79074141606628
 1.77038790530902
 1.75026067694329
 1.73037192688544
 1.71071209344693
 1.69129159759496
 1.67210202460721
 1.65315218283622
 1.63443468025754
  1.6159568632417
 1.59771224997803
 1.57970686500379
  1.5619350346037
  1.5444015921668
 1.52710157910638
   1.510038759747
 1.49320880577091
 1.47661452665619
 1.46025214669931
 1.44412362751796
 1.42822567478984
 1.41255950257835
 1.39712223244891
 1.38191442502255
 1.36693355740168
 1.35217962511537
 1.33765040507131
 1.32334541068493
 1.30926266709517
 1.29540128356472
 1.28175948563981
 1.26833605169976
 1.25512936326271
 1.24213793670544
 1.22936026814977
 1.21679467674586
 1.20443973463109
 1.19229362466821
 1.18035495894519
  1.1686218413948
 1.15709289028278
 1.14576618463149
 1.13464031719583
 1.12371339300438
 1.11298394950839
 1.10245016578314
 1.09211049590823
 1.08196323839022
 1.07200673743836
 1.06223945393379
 1.05265959714364
 1.04326583103496
 1.03405620615763
 1.02502962824954
   1.016183966545
 1.00751840541305
0.999030611240268
0.990720082261705
0.982584261448381
0.974622994707715
0.966833481896914
0.959215949169068
0.951767334351632
0.944488275378685
0.937375429833105
 0.93042987812199
0.923647979994861
0.917031288376959
0.910575848152667
0.904283714361641
0.898150600484383
0.892179093023714
0.886364557952838
0.880710142545279
 0.87521084954661
0.869870416479196
0.864683467477166
 0.85965436018022
0.854777325024289
 0.85005737025522
0.845488317788387
0.841075857826114
0.836813389180113
0.832707316477192
0.828750601066097
0.824950395857727
0.821299210596994
0.817804982024854
0.814459754366782
0.811272285746171
0.808234141200408
 0.80535494014445
0.802625755044223
0.800057109257332
 0.79763956964021
0.795384609315805
0.793282276923513
0.791345044823015
0.789562431373842
0.787785448750321