 4.62601080337783
 4.62600525780538
 4.62611080703796
 4.62616669391358
 4.62621823035061
 4.62627571335792
 4.62630306664715
 4.62634831636378
 4.62635881348541
 4.62638882917525
 4.62638441245269
 4.62639870316364
 4.62637998628939
 4.62637860431251
 4.62634583637482
  4.6263289142935
 4.62628221089346
 4.62624985437339
 4.62618925462463
  4.6261415190572
 4.62606700092463
 4.62600388754286
 4.62591537294757
 4.62583682920175
 4.62573418637113
 4.62564010699694
 4.62552315186104
 4.62541337982519
 4.62528187691173
 4.62515620406746
 4.62500986702521
 4.62486803445866
 4.62470652625921
 4.62454822433993
 4.62437115718587
 4.62419602533854
 4.62400296029775
 4.62381058651114
 4.62360103289277
 4.62339095297845
 4.62316436746208
 4.62293606407297
 4.62269184959998
 4.62244475101562
 4.62218225544886
 4.62191573413227
 4.62163424868789
 4.62134761961645
 4.62104637706978
   4.620738895841
 4.62041706850647
  4.6200879292176
 4.61974462670163
 4.61939295960123
 4.61902722632542
 4.61865209523386
 4.61826290772548
 4.61786330722031
 4.61744957116586
 4.61702442352801
 4.61658497058587
 4.61613312250193
  4.6156667068692
 4.61518692588513
 4.61469222061418
 4.61418319133561
 4.61365878439595
 4.61311910443051
 4.61256349451145
 4.61199167014895
 4.61140326219908
 4.61079770382544
 4.61017480432546
 4.60953382156699
 4.60887463353261
 4.60819643012769
 4.60749904784036
 4.60678171623633
 4.60604411969985
 4.60528563537356
 4.60450568449584
  4.6037038999974
 4.60287932849728
 4.60203196721747
 4.60116037625814
 4.60026502592131
 4.59934387747264
 4.59839798335829
 4.59742459329253
 4.59642545119055
 4.59539698211732
 4.59434173102387
 4.59325518487247
 4.59214079943563
 4.59099300979563
 4.58981629252256
 4.58860391675564
  4.5873614899962
 4.58608100113603
 4.58476929886086
 4.58341697732106
  4.5820322367161
 4.58060416183042
 4.57914241473398
 4.57763445615721
 4.57609152037058
 4.57449932937374
 4.57287079988117
 4.57118980057984
  4.5694710407199
 4.56769642128068
 4.56588255391657
 4.56400925779284
 4.56209515653678
 4.56011787379213
 4.55809815434533
 4.55601131313034
 4.55388032480846
 4.55167808306467
 4.54942990058662
 4.54710613805968
 4.54473455368636
 4.54228286433968
 4.53978138045844
 4.53719506538741
 4.53455688764748
 4.53182894860465
 4.52904697971781
 4.52617011337205
 4.52323694768772
 4.52020354082615
 4.51711145942414
 4.51391358720585
  4.5106545436309
 4.50728402148037
 4.50384935796842
  4.5002982160425
 4.49667881081864
 4.49293833868204
 4.48912511446297
 4.48518617898351
 4.48116977384228
 4.47702291979858
 4.47279366355237
 4.46842912722822
 4.46397704582027
 4.45938476339914
 4.45469958773161
 4.44986920553067
 4.44494038300335
 4.43986127030029
 4.43467797910577
 4.42933924380439
 4.42389041017001
 4.41828091750788
 4.41255523608092
 4.40666363057387
 4.40064958813893
 4.39446431894653
 4.38815022165298
 4.38165957153669
 4.37503357579822
 4.36822569382568
 4.36127584103454
 4.35413877916236
 4.34685303433655
  4.3393747879769
 4.33174108242969
 4.32390963507539
  4.3159159131625
 4.30771928510843
 4.29935355506935
 4.29077985622712
 4.28203024509301
 4.27306773184925
 4.26392254434079
 4.25455968035831
 4.24500746164318
 4.23523298244836
 4.22526258456971
 4.21506556570967
 4.20466621743481
 4.19403614592389
 4.18319752569677
 4.17212437440564
 4.16083668601874
 4.14931099059064
 4.13756504112188
 4.12557797893064
 4.11336525842067
 4.10090872901601
 4.08822149129136
 4.07528819770852
  4.0621195416885
 4.04870307193417
 4.03504702269472
 4.02114193066056
 4.00699351946875
 3.99259540446893
  3.9779507469485
 3.96305633103064
 3.94791270257325
 3.93251990471424
 3.91687581221456
 3.90098381848567
 3.88483906745155
 3.86844839622183
 3.85180415229455
 3.83491671353971
 3.81777555745385
 3.80039470524913
 3.78276068026494
 3.76489125756593
 3.74676990841849
 3.72841828327196
 3.70981668569462
 3.69099077807031
 3.67191755795791
 3.65262685644749
 3.63309219771306
  3.6133477653961
 3.59336340551878
 3.57317787433219
 3.55275708644965
 3.53214463938973
 3.51130219947626
 3.49027853985591
 3.46903067689302
 3.44761298356087
 3.42597730934428
 3.40418417601074
 3.38217958869654
 3.36003094376338
 3.33767749397663
 3.31519449321642
 3.29251318999579
 3.26971806460133
 3.24673057131434
 3.22364638813663
 3.20037448840982
 3.17702470452789
 3.15348921318062
 3.12989665654836
 3.10611474002254
 3.08229862123531
  3.0582753498658
 3.03423919539455
 3.00992850216536
 2.98557661411106
 2.96046366959513
 2.91985236251131
 2.88867308661549
 2.86365950180174
 2.83896106106266
 2.81467467493174
 2.79030234110315
  2.7661117439432
 2.74182596226556
 2.71766652145269
 2.69343122112648
 2.66930449157632
  2.6451236281302
  2.6210468569254
 2.59693657307143
 2.57293190548609
 2.54891285512059
  2.5250040413819
 2.50109860787857
 2.47730827505005
  2.4535408106827
 2.42989310002856
  2.4062860836111
 2.38280449412571
 2.35938001603699
 2.33608723421168
 2.31286674952711
 2.28978453484086
  2.2667886956153
 2.24393779707934
 2.22118633373748
 2.19858642701355
 2.17609806215715
 2.15376770200903
  2.1315600874367
  2.1095166726843
 2.08760634422855
 2.06586609352317
 2.04426844033219
 2.02284637762969
  2.0015756236338
  1.9804855725143
 1.95955476844597
 1.93880935455656
 1.91823037925731
 1.89784104021212
 1.87762461017578
 1.85760161227088
 1.83775729850527
 1.81810975961409
 1.79864601098814
 1.77938192900713
 1.76030610130907
 1.74143238752805
 1.72275077750531
 1.70427329428547
 1.68599117797475
 1.66791478013025
 1.65003645482179
 1.63236503412001
 1.61489386333544
 1.59763039555356
 1.58056885645305
 1.56371545045715
 1.54706518312915
 1.53062313147312
 1.51438498959932
 1.49835482017585
 1.48252892260433
 1.46691045091683
 1.45149623371766
 1.43628861538063
 1.42128488399975
 1.40648666711424
 1.39189164828319
 1.37750082537341
 1.36331221847346
 1.34932627770999
 1.33554130532937
 1.32195728080267
 1.30857273826467
 1.29538725910975
 1.28239956278663
 1.26960890099561
 1.25701413525894
 1.24461425205205
 1.23240821474376
 1.22039480540158
 1.20857305174136
 1.19694158883091
 1.18549947370516
 1.17424524866071
 1.16317796726555
 1.15229613031092
 1.14159875714671
 1.13108435556945
 1.12075188180772
 1.11059989661808
 1.10062726588291
 1.09083264691032
 1.08121478953561
 1.07177248903402
 1.06250435487615
 1.05340935972696
 1.04448594962899
 1.03573331224578
  1.0271497082644
 1.01873457631864
 1.01048597083972
 1.00240361594091
0.994485339823519
0.986731185300184
0.979138735201743
0.971708383143473
0.964437448192525
0.957326705926365
0.950373193922892
0.943578100111192
0.936938163448092
 0.93045501400906
0.924125075523679
0.917950449592143
0.911927228573351
 0.90605801473577
 0.90033855332936
0.894771976386514
 0.88935366666317
0.884087315196194
0.878967927168742
0.873999782208169
0.869177493111893
0.864505958239432
0.859979383420679
0.855603316665889
0.851371542459611
0.847290290394001
0.843352909415118
0.839566343892006
0.835923493213012
0.832432051254191
0.829084454001833
0.825889181399156
0.822838192373986
0.819940791648588
0.817188447651253
0.814591331100744
0.812140406746163
0.809846755420204
 0.80770082534365
 0.80571465491862
0.803878163410925
 0.80204764579429