45.2570293960172
 45.241729643324
45.2297144621753
45.2269708540612
45.2308351140789
45.2421191862976
45.2606139236752
45.2859999446865
45.3186042713842
45.3578844311844
45.4042721070597
45.4572048806867
45.5171221987488
45.5834862073816
45.6567225892693
45.7363269198258
 45.822706584881
45.9153914986881
46.0147700619011
46.1204057107703
46.2326680535981
46.3511529008239
46.4762114738282
46.6074707861309
46.7452641386783
46.8892486170798
47.0397400944713
47.1964246466443
47.3596012292771
47.5289838726468
47.7048551408693
47.8869560240179
48.0755532355397
48.2704137661789
48.4717890346445
48.6794711035315
48.8936966681394
49.1142819593877
49.3414495365011
49.5750389157025
49.8152591242975
50.0619720967093
50.3153739503033
50.5753481820893
50.8420786404702
51.1154695366237
51.3956931112922
51.6826734444135
51.9765718521712
52.2773314367582
52.5851032963089
52.8998487036227
53.2217092704435
53.5506635793752
53.8868445144354
 54.230247094091
54.5809962622827
54.9391025822674
55.3046838766371
55.6777653412345
56.0584585293113
56.4468023319291
56.8429029206003
57.2468119150025
 57.658631030524
58.0784236154883
58.5062878953146
58.9422979094401
59.3865494026415
 59.839126026101
 60.300122099189
60.7696297592672
 61.247743004285
61.7345612815637
 62.230179423317
62.7347029553885
63.2482287546903
63.7708671342629
64.3027182840556
64.8438959483029
65.3945049594967
65.9546610674718
66.5244751412969
67.1040634361857
67.6935443198158
68.2930329727628
68.9026567949159
69.5225282270973
70.1527853102532
70.7935359898093
71.4449306356337
72.1070708460184
72.7801210905116
73.4641746667425
74.1594120015689
74.8659160308111
75.5838850872058
76.3133895700504
77.0546477616422
77.8077152303995
78.5728323512354
79.3500374415072
80.1395952155231
 80.941524187281
81.7561157654355
82.5833659698179
83.4235953710814
84.2767746590989
85.1432561514934
86.0229822208513
86.9163396387557
87.8232393150252
88.7441053089949
89.6788137574159
90.6278289728348
91.5909888371158
  92.56880101809
93.5610614826747
   94.5683244977
 95.590340270108
96.6277130561991
 97.680143266229
98.7482886883985
99.8317957011906
100.931379324392
102.046627464601
103.178316235536
 104.32597042016
105.490431256718
106.671155534254
107.869053821805
 109.08350981017
110.315507833598
 111.56435289603
112.831109007545
114.114989795877
115.417143831123
116.736723518908
118.074910954722
119.430827203754
120.805677495046
122.198555104891
123.610685384563
125.041135358536
126.491147921343
 127.95976533781
129.448245344974
130.955607053869
132.483120175441
134.029782404356
135.596872381929
137.183368262992
 138.79055439677
140.417391420907
142.065165987656
143.732823393406
145.421649002921
 147.13057510796
148.860882006717
150.611491491332
152.383674823051
154.176345975816
155.990763009708
157.825834946708
159.682802285239
 161.56057215522
163.460362934234
165.381083123102
167.323924218179
169.287799567246
171.273868821099
173.281053874443
 175.31047736108
177.361073658244
179.433923000433
181.527976431524
183.644266188857
185.781764429777
 187.94144957524
190.122319621426
 192.32529312491
 194.54939894242
196.795489479976
199.062629793082
 201.35159960095
203.661505835625
205.993048728123
208.345383130801
210.719122701015
213.113476651864
215.528964673776
217.964857213394
 220.42157226355
222.898448851445
225.395795167498
227.913026690022
230.450333282534
233.007215327003
235.583735359657
238.179487770312
240.794398222237
243.428164952426
246.080566574655
248.751415848167
251.440333424277
254.147258217276
256.871641136053
259.613559989364
 262.37228313488
265.148041304784
267.939906266467
 270.74827722059
273.572013822821
276.411701086289
279.265969233579
 282.13560858967
285.019000419561
287.917162468686
290.828204799975
293.753397881614
296.690554940117
299.641228424799
302.602904822145
305.577452785979
308.561996718255
311.558762022685
314.564468643732
317.581747461626
  320.6068623684
323.642909230418
326.685631970933
329.738665465579
332.797152936217
  335.8653623075
338.937731831279
342.019284932001
345.103616673225
348.196670170039
351.291008280013
 354.39372196755
357.496073326311
360.606632710494
363.714960981087
366.831618473738
369.943828522391
373.064992905754
 376.17889415997
379.303372818971
382.416596279201
385.544501118684
388.654391755103
391.793511421389
394.903451349029
401.409408776044
404.611391194893
407.777994904516
410.884290268339
413.999325718623
417.083422094934
420.174980571176
 423.24320211453
426.316021710451
429.368569479177
432.423199444603
435.458991974053
438.494750552052
441.512346869729
444.528099148485
447.526165863078
450.520385421305
453.497316572094
456.468669644216
459.422898164886
462.370024363664
465.300034711638
468.221581064048
471.125915335411
474.020556139289
476.897817413064
  479.7642664165
482.613120706113
485.450138902742
488.269316308604
491.075717052604
493.864012387404
496.638664763316
499.394937781773
502.136768769865
504.859944071762
507.567939837081
510.257006483357
512.930212997033
 515.58422386535
518.221746997001
520.839817897049
523.440823075075
526.022131641244
 528.58584315175
531.129627529755
533.655327508096
536.160884851793
538.647912009818
541.114596804345
543.562344928902
  545.9895671562
548.397483409238
550.784706571864
553.152289618571
555.499028637441
557.825826625937
560.131645627205
562.417254040871
564.681764046636
566.925823448193
569.148679985038
571.350873669672
573.531774308283
575.691825881549
577.830507719779
579.948178614481
582.044415715316
584.119502660134
586.173103455008
588.205435906299
590.216240573163
592.205678119969
 594.17355594444
 596.11998569548
598.044832422348
599.948166382484
601.829901563681
603.690074006065
605.528638350137
607.345603189094
609.140955916118
610.914684084551
612.666800289256
614.397277123204
616.106145148079
617.793367779954
619.458986598931
621.102961359741
622.725337971995
624.326077801811
625.905224634175
 627.46274649897
628.998678814342
630.513001126177
632.005734434211
633.476874470726
634.926421936089
636.354393254091
637.760763096355
 639.14557293311
640.508765811239
641.850412465975
643.170418839273
644.468889026209
645.745686482222
647.000952645015
648.234503183686
649.446520760019
650.636768021927
651.805472645362
652.952339070438
654.077643695175
655.181027596578
656.262819528954
657.322592065016
658.360729883804
659.376731909049
660.371042254393
661.343081028143
662.293355236509
663.221200965371
664.127191525662
665.010573713352
665.871990515673
666.710594089854
667.527100435353
 668.32056161846
669.091769954958
669.839671840769
670.565139183521
671.267006976934
671.946229969669
672.601525841342
673.233935405588
673.842052906345
674.427008421065
674.987266393966
675.524049338155
676.035685255776
676.523492237534
676.985654883546
677.423589968576
 677.83533136855
678.222397605071
678.582664096753
678.917754120874
679.252436681389