 4.21190589268906
 4.21190100312855
 4.21200111948516
  4.2120543665979
  4.2121030311735
 4.21215632859697
 4.21218179247996
 4.21222240769998
 4.21223129654704
 4.21225663930319
 4.21225065691252
 4.21226036566255
 4.21224005556462
 4.21223421994435
  4.2121998153895
 4.21217857895415
 4.21213019700216
 4.21209367028066
 4.21203135777715
 4.21197960079034
 4.21190334661787
 4.21183636666901
 4.21174610606668
 4.21166385864137
 4.21155947543017
 4.21146186550013
 4.21134319355393
 4.21123007670206
 4.21109690098845
 4.21096808424529
 4.21082014152813
 4.21067538391285
 4.21051236315385
  4.2103513759326
 4.21017291841335
 4.20999536508994
 4.20980106427078
 4.20960656032305
 4.20939596145163
 4.20918407382478
 4.20895667330499
 4.20872691967117
 4.20848216420128
 4.20823401199326
 4.20797129748056
 4.20770416270589
 4.20742283296384
 4.20713607880471
 4.20683542403766
  4.2065283592408
 4.20620761432027
 4.20587949138043
 4.20553783391619
 4.20518784705587
 4.20482439526452
 4.20445167821206
 4.20406548858487
 4.20366911215248
 4.20325917692406
 4.20283814638661
 4.20240339080509
 4.20195664308031
 4.20149592247944
 4.20102232310957
 4.20053441978288
 4.20003275971733
 4.19951637959377
 4.19898537177235
 4.19843914089305
  4.1978774166289
 4.19729987742404
 4.19670598258541
 4.19609558995066
 4.19546798094057
 4.19482309811222
 4.19416013764542
 4.19347903187375
  4.1927789845505
 4.19205982257135
 4.19132085024806
 4.19056169355315
 4.18978185051077
 4.18898065041786
 4.18815787832949
  4.1873124708548
 4.18644459355539
  4.1855526940917
 4.18463741215376
   4.183696609959
 4.18273149507997
 4.18173924758293
 4.18072173679161
 4.17967536372334
 4.17860275341485
  4.1774994307763
 4.17636887058738
 4.17520562446666
 4.17401411100587
   4.172787811261
 4.17153218171102
 4.17023953553738
 4.16891646115025
  4.1675540065549
 4.16615998606423
 4.16472408527359
  4.1632554382518
 4.16174227108256
 4.16019513127542
 4.15860068850337
 4.15697099717856
 4.15529107394436
 4.15357457329562
 4.15180476259198
 4.14999698924568
 4.14813267553503
 4.14622895421144
 4.14426530722965
  4.1422607446169
 4.14019271342383
 4.13808219232881
 4.13590449967307
 4.13368267351986
 4.13138981059151
 4.12905109834425
 4.12663731999571
 4.12417590158993
  4.1216352221124
 4.11904503448502
 4.11637122403667
 4.11364595784117
 4.11083253968475
  4.1079656365048
 4.10500588667457
 4.10199052889843
 4.09887751965872
 4.09570639344085
 4.09243339844792
 4.08909881643922
 4.08565850163736
 4.08215283469055
 4.07853753263418
 4.07485293172794
 4.07105472590566
 4.06718310446056
 4.06319384134978
 4.05912688013474
 4.05493817718424
 4.05066733268837
 4.04627058777462
 4.04178710269163
 4.03717350560476
  4.0324684214622
 4.02762896759479
 4.02269313966131
 4.01761864604136
 4.01244276064766
 4.00712388444935
 4.00169847885176
  3.9961257385089
 3.99044122341477
 3.98460502245078
 3.97865170731241
 3.97254236098714
 3.96631048215548
 3.95991824701175
  3.9533979988225
  3.9467131051957
 3.93989467403876
 3.93290736156916
 3.92578096296723
 3.91848151912822
 3.91103743782171
 3.90341623944691
  3.8956448724508
 3.88769243020992
 3.87958433277295
 3.87129133850963
  3.8628372728679
 3.85419464967332
  3.8453856364499
  3.8363845913039
 3.82721196336188
 3.81784404212912
 3.80829950064058
 3.79855664516287
 3.78863231760895
 3.77850692458776
 3.76819542435695
 3.75768040567249
 3.74697489287647
 3.73606373694208
 3.72495798002063
 3.71364481372513
 3.70213325136587
  3.6904129021124
 3.67849070496778
 3.66635876227682
 3.65402189392051
 3.64147477002819
 3.62872004655781
 3.61575503540946
 3.60258018307233
 3.58919551708636
 3.57559922728168
 3.56179413124207
 3.54777611223624
 3.53355085366342
 3.51911187834729
  3.5044678136986
 3.48960976271543
 3.47454937877848
 3.45927527836019
 3.44380222822644
 3.42811628209339
 3.41223541513516
 3.39614302983954
 3.37986041516416
 3.36336821828836
  3.3466911612073
  3.3298070118631
 3.31274406299495
 3.29547705410227
 3.27803801082812
 3.26039846267525
  3.2425943627876
 3.22459380737503
 3.20643691491454
 3.18808807053741
   3.169591854009
 3.15090858939565
 3.13208769282218
  3.1130849798359
 3.09395518749248
 3.07464904075336
 3.05522723702374
 3.03563463746381
 3.01593876426978
 2.99607756078598
  2.9761265768856
 2.95601535389152
  2.9358292039907
 2.91548708728818
 2.89508669670911
  2.8745330286585
 2.85394035727298
 2.83319404256334
 2.81243227529346
 2.79151009597103
 2.77060414024377
 2.74951460872459
 2.72849175324064
 2.70719224429659
 2.68603961890274
  2.6421914038723
 2.62056349559759
 2.59911068469344
 2.57800709657693
 2.55678720419237
 2.53572424055453
 2.51455862140589
 2.49350392057219
  2.4723709313498
 2.45133335903214
 2.43023955620036
 2.40923662291643
 2.38819682918206
 2.36724842658032
  2.3462804437675
 2.32540559154788
 2.30452978218213
  2.2837492397687
 2.26298443084693
 2.24231848976301
 2.22168345435781
 2.20115180261098
 2.18066498262982
  2.1602866169528
 2.13996594521913
 2.11975910619869
 2.09962188448265
 2.07960400551481
 2.05966681655473
 2.03985448276639
 2.02013312493459
 2.00054204031425
 1.98105147868219
  1.9616964405413
  1.9424507706898
 1.92334565094297
 1.90435807323725
 1.88551580613243
 1.86679860893519
 1.84823118490843
 1.82979573562916
 1.81151420095874
 1.79337094408163
 1.77538540599924
 1.75754386737523
 1.73986350426968
  1.7223323010446
 1.70496537737296
 1.68775223297694
 1.67070611848157
 1.65381788214104
 1.63709907495971
 1.62054174521957
 1.60415589847052
 1.58793465023587
  1.5718866016599
 1.55600581628773
 1.54029962053497
 1.52476291852641
 1.50940188168565
  1.4942121575519
 1.47919887353467
 1.46435833243251
 1.44969472084217
 1.43520491660005
 1.42089226173706
 1.40675413591897
 1.39279312659639
 1.37900704827773
 1.36539781814647
 1.35196362410441
 1.33870579221334
 1.32562282726251
 1.31271553860587
 1.29998269583897
 1.28742466167064
 1.27504042239184
 1.26282996011313
 1.25079243328026
  1.2389275057348
  1.2272344667536
 1.21571272078925
 1.20436164952926
 1.19318045371182
 1.18216857163901
 1.17132505302754
 1.16064935937295
 1.15014043928925
 1.13979774619573
 1.12962017494267
  1.1196071415537
 1.10975753205807
 1.10007069753319
 1.09054555790829
 1.08118137336833
 1.07197713840981
 1.06293199783387
 1.05404505947989
 1.04531532959251
 1.03674206639553
 1.02832411559843
 1.02006092127118
 1.01195114768933
 1.00399445880269
0.996189317528788
0.988535640452958
0.981031670088297
0.973677607282534
0.966471455886153
0.959413731656069
0.952502182227287
0.945737668082155
0.939117663715821
0.932643403472311
0.926312072339836
0.920125307133108
0.914079987457873
0.908178180836821
0.902416446048204
0.896797309347468
0.891316993615047
0.885978511815876
0.880777736186038
0.875718194498496
0.870795393875691
0.866013405296447
 0.86136735653723
0.856861890666435
0.852491742083384
0.848262155511863
0.844167458114977
  0.8402135267298
0.836394267573865
0.832716221171057
0.829172859218781
0.825771418859278
0.822504923824947
0.819381342427915
0.816393237124334
0.813549343854547
0.810841750639348
0.808279999728969
0.805855691733727
0.803579216466829
0.801441674386853
0.799454347085323
0.797607822435986
0.795767716696875