 0.0123889769235026
 0.0123927788739725
 0.0123956088964347
 0.0123964293520423
  0.012395263601442
 0.0123921397128665
 0.0123870817799635
 0.0123801184897483
 0.0123712745943568
 0.0123605793162632
 0.0123480579942606
  0.012333740306576
 0.0123176521094658
 0.0122998234607328
 0.0122802806674936
  0.012259054094393
 0.0122361704353503
 0.0122116602924766
 0.0121855506849357
 0.0121578723862032
 0.0121286526815837
 0.0120979224530058
 0.0120657091952208
 0.0120320438388075
 0.0119969540336335
  0.011960470702153
 0.0119226215973387
 0.0118834375796932
 0.0118429464555579
 0.0118011789725258
 0.0117581629428002
 0.0117139289528984
 0.0116685047755644
 0.0116219207907879
 0.0115742046886742
 0.0115253865998733
  0.011475494090769
 0.0114245570024243
 0.0113726027384722
 0.0113196608126332
 0.0112657584287697
 0.0112109247379232
 0.0111551867091321
 0.0110985730977701
  0.011041110604921
 0.0109828275595795
 0.0109237503636242
 0.0108639068911679
 0.0108033232154701
 0.0107420267293992
  0.010680043149976
 0.0106173993645346
 0.0105541207079895
 0.0104902335398575
 0.0104257627887893
 0.0103607342661424
 0.0102951724718135
 0.0102291026505373
 0.0101625488525922
   0.01009553573944
 0.0100280868924615
0.00996022637494824
0.00989197728164675
0.00982336306447202
0.00975440631530234
0.00968512986310026
0.00961555578210362
0.00954570626831846
0.00947560286499095
0.00940526712668008
0.00933472005366998
0.00926398255203837
0.00919307506847807
0.00912201785495119
0.00905083079523132
0.00897953348287538
0.00890814523067188
0.00883668497077329
 0.0087651714381401
0.00869362290175806
0.00862205751310091
0.00855049287740991
0.00847894655815909
0.00840743549740045
0.00833597666720287
0.00826458634806679
0.00819328091832023
0.00812207599958258
0.00805098737513744
0.00798003001137777
0.00790921909623416
0.00783856894546408
0.00776809415229455
0.00769780838732796
0.00762772565065871
0.00755785897405798
0.00748822176694375
0.00741882642937833
 0.0073496857834089
0.00728081160526545
0.00721221613374378
0.00714391052982923
0.00707590645396429
 0.0070082144611459
0.00694084563910518
0.00687380994673406
0.00680711790540357
0.00674077888837063
0.00667480285767267
0.00660919861194841
0.00654397556156973
 0.0064791419420819
 0.0064147066204675
0.00635067728117302
0.00628706225664316
0.00622386869265317
0.00616110439650393
 0.0060987759881235
0.00603689075957339
0.00597545481811963
0.00591447495096748
0.00585395676623258
0.00579390655709432
0.00573432944632227
0.00567523124431667
0.00561661660256515
0.00555849086032116
 0.0055008582120823
0.00544372353794315
0.00538709058989958
0.00533096380120111
0.00527534649599614
0.00522024267329946
0.00516565524461532
0.00511158778677642
0.00505804312902947
0.00500502380899075
  0.004952532593865
0.00490057161505625
0.00484914328158818
 0.0047982493348271
0.00474789183807761
0.00469807215886231
0.00464879202736637
0.00460005245345487
0.00455185484690648
 0.0045041998760807
0.00445708864315196
0.00441052149106613
0.00436449922726154
0.00431902188527756
0.00427408999072727
 0.0042297032836419
0.00418586202074021
0.00414256566431152
0.00409981421510912
0.00405760687329221
0.00401594339655353
 0.0039748227383578
0.00393424442619696
0.00389420718207995
0.00385471031609156
0.00381575233380665
0.00377733234061003
0.00373944864042789
0.00370210014654588
0.00366528497577214
0.00362900186176801
0.00359324874848178
0.00355802420228052
 0.0035233260082213
0.00348915257754363
0.00345550155007635
0.00342237119391668
0.00338975901700716
0.00335766315608906
0.00332608100022471
0.00329501056636986
0.00326444913736293
0.00323439462171208
 0.0032048442083252
0.00317579570835227
0.00314724622868854
0.00311919349395124
0.00309163454055365
0.00306456701712667
0.00303798790073407
0.00301189477427333
0.00298628456618266
0.00296115480357163
0.00293650237655862
0.00291232476609002
0.00288861883384313
0.00286538202389213
0.00284261117891682
0.00282030371506411
0.00279845646501713
0.00277706682558272
0.00275613162799869
0.00273564825794996
0.00271561355332476
0.00269602489652454
0.00267687913972269
0.00265817366948586
0.00263990535944158
0.00262207160737102
0.00260466931505496
0.00258769589813017
0.00257114829275654
0.00255502393865086
0.00253931981210199
0.00252403338270666
0.00250916167215451
0.00249470218529052
0.00248065199399732
0.00246700864329822
0.00245376925958075
0.00244093143253229
0.00242849234687675
 0.0024164496410017
0.00240480056131884
0.00239354279849762
0.00238267366351008
0.00237219090243055
0.00236209189318687
0.00235237443991908
0.00234303598943145
0.00233407440612546
0.00232548720713064
0.00231727231883822
 0.0023094273296836
0.00230195022930704
0.00229483867796635
0.00228809072933997
0.00228170411556547
0.00227567695467818
0.00227000705029888
0.00226469258466833
0.00225973143204606
0.00225512183825758
 0.0022508617469154
0.00224694946634146
0.00224338300778124
0.00224016074049943
  0.002237280741228
0.00223474143815828
  0.002232540970944
0.00223067782422826
0.00222915019761246
0.00222795662926206
0.00222709537535202
0.00222656502419129
0.00222636388476428
0.00222649059170069
0.00222694350265073
0.00222772129430471
0.00222882236846646
0.00223024543919644
0.00223198894758301
0.00223405163994372
0.00223643199143759
0.00223912877511219
0.00224214049465112
 0.0022454659439001
0.00224910364920224
0.00225305241887467
0.00225731079574956
0.00226187759590462
0.00226675155490595
0.00227193112409526
0.00227741522212334
0.00228320229938707
0.00228929126472221
0.00229568056035434
0.00230236907770052
0.00230935524284131
0.00231663792211004
0.00232421551722605
0.00233208686148251
0.00234025032379716
0.00234870469618939
0.00235744830612937
0.00236647989586697
0.00237579774259249
0.00238540053004412
0.00239528647613335
0.00240545419711451
0.00241590184247503
0.00242662795180043
0.00243763059688313
0.00244890823126001
0.00246045883965324
0.00247228077999498
0.00248437194047922
0.00249673057372061
0.00250935446186668
0.00252224174236505
0.00253539008176087
0.00254879749236961
0.00256246151556361
0.00257638002846705
0.00259055043771825
0.00260497047511951
0.00261963740304729
0.00263454879780311
0.00264970176803167
0.00266509372433064
0.00268072161222615
0.00269658266640949
0.00271267366000992
0.00272899164163611
 0.0027455332028767
0.00276229519613409
0.00277927402247345
0.00279646632804715
 0.0028138683146019
0.00283147641210404
0.00284928661440194
0.00286729512547667
0.00288549772294114
0.00290389037515825
0.00292246863543927
0.00294122822709287
0.00296016447136203
0.00297927283729324
  0.002998548406623
0.00301798638518792
0.00303758160813769
0.00305732900944461
0.00307722317097885
0.00309725874652105
0.00311743005838694
0.00313773147219984
0.00315815704489454
0.00317870084636865
0.00319935666282885
0.00322011826131229
0.00324097915246103
 0.0032619327937879
0.00328297241607619
0.00330409116115962
0.00332528197624303
0.00334653768187418
0.00336785093856674
0.00338921424056357
0.00341061995921415
0.00343206025806611
0.00345352721750466
0.00347501266666221
0.00349650839386598
0.00351800589082596
0.00353949665345802
0.00356097183379885
0.00358242263577404
0.00360383987029672
0.00362521445053231
0.00364653684566606
0.00366779768017724
0.00368898708181095
0.00371009538931344
0.00373111239021655
0.00375202814140124
0.00377283209240029
0.00379351402304748
0.00381406304812688
 0.0038344686762298
0.00385471969172803
0.00387480533879817
0.00389471407687305
0.00391443489360206
0.00393395593014114
0.00395326592659673
0.00397235271375144
0.00399120479428712
0.00400980969781172
0.00402815570087263
0.00404623004245166
 0.0040640207854614
0.00408151489021152
0.00409870021972724
0.00411556346906214
0.00413209231638769
0.00414827320643707
0.00416409364888648
 0.0041795398546626
0.00419459918266866
0.00420925762817654
0.00422350241844178
0.00423731935293149
0.00425069554782124
0.00426361662838326
0.00427606962176304
0.00428804000247027
0.00429951473219226
0.00431047915999452
0.00432092020724029
0.00433082312481983
0.00434017482050904
0.00434896047630802
0.00435716701478522
0.00436509180480649