434.176380407848
434.176688939421
434.176930041619
434.176981487843
434.176897723594
 434.17666212744
434.176278853096
434.175754260767
434.175081410245
434.174271106846
434.173314133816
434.172221603993
434.170984006447
434.169611861168
434.168095804897
434.166445590238
434.164652095322
434.162724291197
434.160653311833
434.158447365767
434.156097838706
434.153612200541
434.150982079831
434.148214230376
434.145300513047
 434.14224698567
434.139045729989
434.135702125474
434.132208462601
434.128569457805
434.124777597502
434.120836948331
434.116740179212
434.112490718374
434.108081403162
434.103515033113
434.098784599245
434.093892280652
434.088831206568
434.083602942576
434.078200739908
434.072625556427
434.066870748303
434.060936670468
434.054816766061
434.048510790996
434.042012256393
434.035320322328
 434.02842854778
434.021335499554
434.014034763101
434.006524314023
433.998797741456
433.990852431494
433.982681952603
 433.97428310281
433.965649403821
433.956777066913
433.947659539021
433.938292445991
433.928669129858
433.918784632513
433.908632158627
433.898206167908
433.887499692655
433.876506612636
 433.86521974997
433.853632407393
433.841737155986
433.829526725222
433.816993390978
433.804129314313
 433.79092642814
433.777376331285
433.763470562035
433.749200164777
 433.73455622729
 433.71952924922
433.704109807397
 433.68828786866
433.672053433525
433.655395950559
433.638304773288
433.620768849535
433.602776809437
 433.58431712103
433.565377608495
433.545946284939
433.526010079383
433.505556579282
433.484571722151
433.463042704045
433.440954366945
433.418293555357
433.395043903438
433.371191950252
433.346720000974
433.321614342306
433.295855819762
433.269430528526
433.242317713536
433.214503347925
433.185964924173
433.156688372353
433.126649268846
433.095833590189
433.064214820417
433.031779083665
 432.99849758187
432.964356700674
432.929325155718
432.893389722082
432.856516409451
432.818692525662
432.779881138254
432.740070247976
432.699219726367
432.657318445647
432.614322808646
432.570222757692
432.524970934065
432.478558570731
432.430934233098
432.382090689115
432.331972091105
432.280573012225
432.227832830099
432.173748221395
432.118253401441
432.061347479171
 432.00295909225
431.943090144034
431.881663247296
431.818683510362
431.754066976546
431.687822763265
431.619859836062
431.550189917761
431.478717300539
431.405454859304
431.330302601545
431.253274423406
 431.17426606862
431.093292427197
431.010244986158
430.925139604032
430.837863534781
430.748433573267
 430.65673278497
430.562778860526
430.466450744821
430.367766974233
430.266602466598
430.162976543396
430.056760217082
429.947973521708
429.836483716716
429.722311462927
429.605320452542
429.485531872519
 429.36280606982
 429.23716464039
429.108464847111
428.976728559368
428.841810259358
428.703731933878
428.562345633264
428.417673282917
428.269564898898
428.118042141081
427.962953441058
427.804319960901
427.641989053396
427.475981119252
427.306142997758
427.132494029931
426.954881170516
426.773322363841
426.587665376928
426.397926377409
426.203954713763
426.005764349032
425.803207059507
425.596294122386
425.384880670518
 425.16897475447
424.948435880483
424.723268265178
424.493336899408
424.258641484079
424.019053707292
423.774567988953
423.525064036424
423.270530129435
423.010855435102
422.746021127943
422.475927404337
422.200547248843
421.919793597954
421.633630025655
421.341984075327
421.044808534952
420.742047594888
420.433641704479
420.119553935455
419.799710642038
419.474096231518
419.142620970686
418.805293307663
418.462005154986
418.112791996635
 417.75752480228
417.396269424834
417.028872922358
416.655435248592
416.275776128355
415.890033824208
415.497996761334
415.099846294512
414.695334920676
414.284692574688
413.867630382072
413.444433220087
  413.0147643845
412.578971158877
412.136661266815
411.688253272363
411.233289933121
410.772271805543
410.304665123045
409.831065589429
409.350848456985
408.864721053991
 408.37194921377
407.873373004306
407.368124771729
406.857205118129
406.339580585907
405.816450089399
405.286569437997
 404.75138925896
404.209389348965
403.662351348776
403.108378558152
402.549709227185
401.983902705804
401.413871115706
400.836315940781
400.255250681223
399.665800623094
399.074111459239
398.471138640122
397.868075674689
396.588028601063
395.948813317993
395.310637291932
394.678767315109
394.039274995624
393.400340437012
392.754045807779
392.106845997852
391.452872731109
390.797434457584
390.135753847419
389.472380792903
388.803230673241
388.132321685093
387.456053135308
386.778003399349
386.095074407763
385.410362380498
384.721209309692
384.030328166222
383.335414476206
382.638868700885
381.938677319948
381.236980517253
380.532008925096
379.825682116803
379.116438881881
378.406009029658
377.693011163888
 376.97900981027
376.262780616146
 375.54574259997
374.826809835817
374.107272065419
373.386166331698
 372.66466661123
371.941919902143
371.218995811678
 370.49514019941
369.771328031676
369.046894463825
368.322728221133
367.598245419572
366.874255874454
 366.15024932848
365.426963151196
364.703954200456
363.981893156005
363.260398160275
362.540078376932
361.820607970654
361.102539281475
360.385597711385
 359.67028306953
358.956367613856
358.244302582047
357.533903049753
356.825575363664
356.119173672112
 355.41506287707
354.713132706333
354.013709866287
353.316716388169
352.622443865554
351.930843545235
351.242174850079
350.556415318138
349.873795024513
349.194315016978
348.518178744707
347.845408108693
 347.17618256812
346.510542330548
345.848645428057
345.190547924943
344.536388926896
343.886237990702
343.240217743446
342.598408946029
341.960920149669
341.327841098455
340.699268632185
340.075299317297
339.456020614137
338.841533804345
338.231919273341
337.627280958875
337.027694452935
  336.4332643334
335.844063661163
335.260195676997
334.681733157358
 334.10877606354
333.541399121681
332.979697102651
332.423748906724
331.873642231759
331.329462369661
330.791288088277
330.259213284255
329.733305961535
329.213670832713
328.700363324805
328.193501178118
327.693125448559
 327.19936911892
326.712257096813
326.231939827812
325.758424309365
325.291880678222
324.832296273589
324.379863162587
323.934547290499
323.496564907637
323.065858840825
322.642671793015
322.226921758064
321.818880180849
321.418438516759
321.025899265131
320.641125645548
320.264453551311
319.895716276294
319.535285478201
319.182962842132
318.839158195888
318.503639939211
318.176858515656
317.858547369261
317.549200050025
 317.24851338221
316.957026563589
 316.67439814112
316.401215558373
316.137097434593
315.882682120571
315.637546665527
315.402383059616
315.176725149115
314.961321374487
314.755660757494
314.560551087665
 314.37543495447
314.201182492878
314.037188269232
313.884387869077
313.742126265953
313.599913676498