0.104236507185178
0.104201194573199
0.104173463241909
0.104167131797445
0.104176052091269
0.104202098207246
0.104244787493306
0.104303382904904
0.104378639428557
0.104469305183729
0.104576376826941
0.104698556514627
0.104836858923011
0.104990042974168
0.105159091675373
0.105342841171543
0.105542232339128
 0.10575618064321
0.105985583241813
0.106229433034422
0.106488583907381
 0.10676210354646
0.107050803504303
0.107353823552523
0.107671933989467
0.108004344066122
0.108351783966761
0.108713529929873
0.109090273207308
0.109481354641108
0.109887427768748
0.110307895747739
0.110743375654422
0.111193330756967
0.111658342959131
0.112137933506063
0.112632650453692
 0.11314207095002
0.113666710565564
0.114206200325564
 0.11476102471717
0.115330866655173
 0.11591618098742
0.116516700558303
0.117132852065255
0.117764416340175
 0.11841179346697
0.119074810331179
0.119753841991595
0.120448759452315
0.121159914390814
0.121887219984157
 0.12263100623184
0.123391226518601
0.124168190933298
0.124961891074186
0.125772618955592
0.126600402357114
0.127445517128464
0.128308025151213
0.129188188099494
0.130086099821039
0.131002009888155
0.131936041913133
0.132888435530792
0.133859341841112
0.134848992802491
0.135857564640816
0.136885284002284
 0.13793234978218
0.138998985788561
0.140085411024837
0.141191849051806
0.142318536304705
0.143465698812037
0.144633587639023
0.145822434128459
0.147032501037368
0.148264028008892
0.149517286406269
0.150792527306629
0.152090027435036
0.153410052592279
0.154752881450359
0.156118797988156
0.157508079227182
0.158921030952647
0.160357924743241
0.161819092001902
 0.16330479486452
0.164815394356013
0.166351138948773
0.167912423496782
0.169499478354066
0.171112736623938
0.172752405839208
0.174418961996611
0.176112584842735
0.177833798146675
0.179582748627074
0.181360012950509
0.183165699274337
0.185000442545619
0.186864306520188
0.188757990078529
0.190681506412184
0.192635624270353
0.194620299779005
0.196636377786495
0.198683750497093
0.200763345397065
0.202874983541347
0.205019681914756
0.207197182806745
0.209408599897191
 0.21165358868808
0.213933367101122
 0.21624749540537
0.218597303676258
0.220982248063001
0.223403779087079
0.225861239431257
0.228356208751637
0.230887906439608
0.233458050387082
 0.23606572637192
0.238712800052591
0.241398212754736
0.244123987881429
  0.2468889109304
0.249695173497113
0.252541393297427
 0.25542994116523
0.258359253909756
0.261331896182634
0.264346094048747
0.267404618209554
0.270505554733169
0.273651761304553
0.276841254227312
0.280076954404578
0.283356816868865
0.286683819309594
0.290055859265436
 0.29347596581006
0.296941982673346
 0.30045698463669
0.304018765587906
0.307630439953185
0.311289756070095
0.314999861539292
0.318758463784313
0.322568736688189
0.326428351759235
0.330340501835026
0.334302827888892
0.338318533935246
0.342385236193753
0.346506141613676
0.350678847864046
 0.35490655610787
0.359186852110029
0.363522922031582
 0.36791234684626
0.372358287986576
0.376858329239221
0.381415597053207
0.386027686149838
0.390697677192353
0.395423184504472
0.400207231593209
0.405047461629839
0.409946829003244
0.414903015588999
0.419918894078184
0.424992195557014
0.430125697791271
0.435317192276115
0.440569347942062
 0.44588002863116
0.451251779805926
0.456682550386861
0.462174746965852
 0.46772641712862
0.473339812368429
0.479013093448874
0.484748339645752
0.490543840420627
0.496401484744503
0.502319707399199
0.508300187902782
0.514341524192354
0.520445166014055
0.526609893637724
0.532836905416196
0.539125184624846
0.545475655141832
 0.55188752559733
0.558361420664099
 0.56489679856851
0.571493958169591
0.578152633681549
0.584872769387657
0.591654404342394
0.598497097002313
0.605401222951263
0.612365920670056
0.619391937255458
0.626477953663626
0.633625127343595
0.640831640158533
0.648099103298575
0.655425153175899
0.662811903524365
0.670256393192035
0.677761293759923
0.685322987422283
0.692944766792867
0.700622289784307
0.708359542886597
0.716151381544537
0.724002570938389
0.731907072651434
0.739870530394643
0.747885903761762
0.755959833966294
0.764084148972848
 0.77226663121868
0.780497819288478
0.788786813168117
0.797122666875157
0.805516018126021
0.813954190222909
0.822449639242202
0.830987640440312
0.839582834625692
0.848218029156019
0.856910541837861
0.865640139039771
 0.87442750066695
0.883248539259701
0.892128293435491
0.901037611671706
0.910007427247806
 0.91900160413135
0.928059532719114
 0.93713476595715
0.946279959510975
0.955431804150823
0.964667230765318
0.973890263976194
0.983241879847252
 0.99254872530139
 1.01215715005818
 1.02187802459694
 1.03153812833875
 1.04106003234851
 1.05065497778926
 1.06020096889498
  1.0698170650464
 1.07940783598777
 1.08906090977467
 1.09869853694185
 1.10839161799491
 1.11807412655945
 1.12780634510872
 1.13753048175139
 1.14729940480049
 1.15706209228503
 1.16686385111844
 1.17666093296261
 1.18649208465335
 1.19631931248417
  1.2061761238404
 1.21602919298659
 1.22590774086967
  1.2357823070999
 1.24567853694693
 1.25557022567634
 1.26547998770894
 1.27538439979765
 1.28530347280399
 1.29521618870596
 1.30514029649291
 1.31505687953828
 1.32498170283192
 1.33489770200042
 1.34481888738157
 1.35472983973133
 1.36464300654957
 1.37454443937512
 1.38444518522149
 1.39433261797189
 1.40421652307875
 1.41408546904645
 1.42394809985457
 1.43379406763622
 1.44363097968983
 1.45344947441658
  1.4632562146962
 1.47304273902985
 1.48281484780006
 1.49256490269125
 1.50229791491862
 1.51200700012416
 1.52169644650567
 1.53136006086271
 1.54100146849496
 1.55061510995061
 1.56020400266296
 1.56976316805862
 1.57929506642825
 1.58879525103849
 1.59826567210172
 1.60770236892805
 1.61710682559939
 1.62647552441942
 1.63580952462768
 1.64510571080029
 1.65436475634932
 1.66358390937663
 1.67276349453665
 1.68190108638318
 1.69099669621771
 1.70004818938683
 1.70905529781846
 1.71801614318608
 1.72693021080374
 1.73579584520821
 1.74461231681713
 1.75337816040403
 1.76209246231837
 1.77075391563781
 1.77936145271521
 1.78791389356852
 1.79641004598383
 1.80484882601531
 1.81322894577018
 1.82154938679864
 1.82980879396178
 1.83800618404503
  1.8461401627166
 1.85420975194092
 1.86221354593288
 1.87015054191766
 1.87801935014015
 1.88581891324643
 1.89354788478831
 1.90120512301769
 1.90878935190746
 1.91629931547623
 1.92373383510714
  1.9310915106778
 1.93837128787854
 1.94557159242851
 1.95269152115822
 1.95972929546283
 1.96668419010632
 1.97355419180997
  1.9803387800455
 1.98703567629163
 1.99364459150028
  2.0001629510868
 2.00659072426832
 2.01292500929123
  2.0191660604468
 2.02531061738984
 2.03135924632722
 2.03730829655015
 2.04315867306121
 2.04890630263367
 2.05455245598787
 2.06009260480865
  2.0655284124989
 2.07085486263343
 2.07607403830333
 2.08118040146373
 2.08617648193526
 2.09105618601665
 2.09582251732745
 2.10046879190485
 2.10499851425315
 2.10940437492913
 2.11369040640908
 2.11784863788865
 2.12188365688542
 2.12578679463781
 2.12956322073171
 2.13320353107912
 2.13671350428958
 2.14008296274154
 2.14331832091521
 2.14640858853895
 2.14936084265937
 2.15216324024965
 2.15482354741453
 2.15732902718759
 2.15968816095632
 2.16188727545058
 2.16393559322464
 2.16598413155844