471.579978362608
471.580648584991
471.581172331039
471.581284087654
471.581102126611
471.580590341372
471.579757755573
471.578618186297
471.577156558509
471.575396345947
471.573317528897
471.570944249618
471.568255850026
471.565275185001
471.561981917923
471.558397237135
471.554501331082
471.550313690795
471.545815061203
471.541023277399
471.535919631928
471.530520355824
471.524807269966
471.518795050374
471.512466023425
471.505833353862
471.498879848769
471.491617199955
471.484028668894
471.476124507826
471.467888404888
471.459329201604
471.450430983675
 471.44120120674
471.431624323569
471.421706425149
471.411432299378
471.400806690641
471.389814688493
471.378459705941
471.366727099088
471.354618962307
471.342120881343
471.329233642523
471.315943022354
471.302248507836
471.288136025168
471.273603769164
471.258637772206
471.243234942753
471.227381373141
471.211072690256
471.194294997135
471.177042643089
471.159301689238
471.141065210797
471.122319170608
471.103055373037
471.083259622161
471.062922454786
471.042029451174
 471.02056988424
470.998529040369
470.975894932947
 470.95265247893
470.928788437623
470.904287274994
470.879134503189
470.853314049089
470.826810186542
470.799606208118
470.771685160651
470.743029599455
470.713621358601
470.683442144836
470.652472597286
470.620693453767
470.588084180508
470.554624416249
470.520292481321
470.485066774694
470.448924503543
470.411842675002
470.373797422439
470.334764196835
470.294718104674
470.253632863262
470.211482607719
470.168239129977
470.123875659041
470.078361854504
470.031670115464
469.983767745818
469.934626403266
469.884210795035
469.832491939689
469.779431687904
469.725000536707
469.669157200051
469.611871788065
469.553099576055
469.492810440797
  469.4309558937
469.367505752638
469.302407414898
469.235630836986
469.167118925099
 469.09684199734
469.024738063227
468.950778053389
468.874894644493
468.797059661305
 468.71719997877
 468.63528863104
468.551246187556
468.465047243885
468.376605522927
468.285897573869
468.192829692299
468.097380817038
 467.99944919323
467.899016633054
467.795972662956
467.690302504058
467.581886247822
467.470713116193
467.356652998261
467.239699769704
467.119712295485
466.996689824031
466.870479316456
466.741086185369
 466.60834454168
466.472266858367
466.332673242001
466.189584972291
466.042807078194
465.892366624406
465.738058781937
465.579913274327
465.417716280189
465.251499914583
 465.08104143679
464.906375310933
464.727269922141
464.543762046917
464.355611279461
464.162856658742
463.965249118644
463.762829894222
463.555341442227
463.342827108715
463.125021114118
 462.90196880934
462.673396482229
 462.43935135869
462.199552166137
461.954047849057
461.702550020715
461.445109157982
461.181430286334
 460.91156519551
460.635212935764
460.352426352964
460.062899227263
459.766685162358
459.463473472527
459.153318174634
458.835905027169
458.511288063825
 458.17915051023
457.839545962981
457.492156257809
457.137034036169
456.773861014363
456.402688289234
  456.0231988634
455.635441620075
455.239102397348
454.834227107182
454.420506124233
 453.99798153285
453.566350106411
453.125649135161
452.675583824155
452.216185580146
451.747170254237
451.268562142952
 450.78009015089
 450.28177008392
449.773346513685
449.254825202685
448.725969223977
448.186772550452
447.637019828654
447.076691277699
446.505596447012
445.923699591673
 445.33083877378
444.726959795291
444.111933148597
 443.48568337637
442.848117659715
442.199136113685
441.538687247332
440.866643164088
440.182998769932
439.487594092974
438.780475995224
438.061447808734
437.330614475866
436.587737360539
435.832986269148
435.066074557865
434.287244459199
433.496154369632
432.693127440135
431.877759060618
431.050462918831
430.210762022928
429.359171596712
428.495131260563
427.619270490987
426.730932485332
425.830875857035
424.918331782033
423.994205674911
423.057597799207
 422.10958166369
421.149103417147
420.177430786811
419.193326834189
418.198286207708
417.190851988864
416.172787644177
415.142368184383
414.101681042859
413.048668667755
411.985817429872
410.910647646597
409.826150629645
408.729294539253
407.623733098173
406.505682294371
405.379707748957
404.240940122475
403.095288646844
401.936174310858
400.771699653597
399.592147598193
398.409863161782
397.206834321109
396.005445097745
393.461435074254
392.194105467625
390.930875656267
389.682135845195
388.420366188573
387.161740447627
385.890694180649
384.619961962179
383.338059245631
382.055431852421
380.762769028497
379.468998780605
378.166192174693
376.862210236386
375.550090547247
374.236812173085
 372.91640857292
371.594900203135
370.267189078585
368.938533829844
367.604532552675
366.269822836226
364.930574021242
363.590906655599
362.247467887663
360.903940252513
359.557376780176
358.211083494542
356.862462625424
355.514492538168
354.164879090477
352.816312495902
351.466764959319
   350.118671004
 348.77023821579
347.423672485961
346.077390709721
344.733392998429
343.390283338083
342.049875595029
340.710941702328
339.375126170169
338.041352218816
 336.71110975913
335.383458667251
334.059747278238
332.739159165875
331.422912692459
330.110303563538
328.802430599078
327.498691238745
326.200074216188
324.906069295109
323.617563764111
322.334131141495
321.056565226917
319.784515443996
318.518689480163
317.258805435689
316.005491769976
314.758528569087
313.518471527705
312.285156495297
311.059072503625
309.840105353248
308.628683202691
307.424736351876
306.228637604937
305.040356627887
303.860216153078
302.688220361725
301.524646989895
300.369530134487
 299.22310742829
298.085438508936
296.956725637349
295.837049818256
294.726582528367
293.625422146894
 292.53371382554
291.451569488678
290.379112306995
289.316464068364
288.263730202763
287.221038813795
286.188481737508
285.166189967114
284.154245807004
283.152779824639
282.161868778666
281.181639596427
280.212167407811
 279.25357237791
278.305931862803
 277.36935622749
276.443928853651
275.529747345466
274.626904860307
273.735483351337
272.855589458425
271.987286658046
271.130698742045
270.285867943533
269.452938844438
268.631929721707
267.823009560104
267.026170016745
266.241608072798
265.469286146617
264.709432796496
263.961978623715
263.227187338196
 262.50495518263
261.795584593757
261.098934947389
260.415350990262
259.744652752934
259.087230891021
258.442863638288
257.811991181993
257.194347531601
256.590426061447
255.999914150687
255.423362058174
254.860408145926
254.311663306837
253.776714516263
253.256237113619
252.749764333732
252.258039849656
251.780540816312
251.318083214929
250.870085794923
250.437440921436
250.019506626364
249.617255850876
249.229983611465
248.858747750321
248.502777985933
248.163221537578
247.839240560729
247.532076299057
247.240821100835
246.966815074735
246.709078543004
246.469055538106
 246.24569216925
246.022506961659