1.239087789873756160e-02
1.239454263984264212e-02
1.239601241631323354e-02
1.239513959180890169e-02
1.239212603228831595e-02
1.238683497370826961e-02
1.237945929732793722e-02
1.236987284880362685e-02
1.235825959353082509e-02
1.234450370145305682e-02
1.232878032088930743e-02
1.231098364028139665e-02
1.229128011704768222e-02
1.226957363428984697e-02
1.224602210963871701e-02
1.222053878118714056e-02
1.219327320048548685e-02
1.216414760723262545e-02
1.213330338096209500e-02
1.210067139788838925e-02
1.206638507781403018e-02
1.203038355858447074e-02
1.199279252874535344e-02
1.195355900490777112e-02
1.191280118708709299e-02
1.187047358153247266e-02
1.182668715486769571e-02
1.178140350921626917e-02
1.173472664361355916e-02
1.168662485919359090e-02
1.163719546221404777e-02
1.158641305430402856e-02
1.153436853119273534e-02
1.148104239620065942e-02
1.142651942273286564e-02
1.137078561799007188e-02
1.131391992581242366e-02
1.125591346166252699e-02
1.119683963581045820e-02
1.113669427967759785e-02
1.107554556795358608e-02
1.101339366007736409e-02
1.095030179397810631e-02
1.088627407450625841e-02
1.082136910139013843e-02
1.075559454852307618e-02
1.068900467471296453e-02
1.062161035359801380e-02
1.055346179811752702e-02
1.048457272019386911e-02
1.041498957883896931e-02
1.034472857133784257e-02
1.027383269078871453e-02
1.020232027609677822e-02
1.013023113777873109e-02
1.005758542237582438e-02
9.984420035781017833e-03
9.910756608467097620e-03
9.836629413652533613e-03
9.762061252781862111e-03
9.687084031762414199e-03
9.611721421206503857e-03
9.536003217965228693e-03
9.459953671529417255e-03
9.383600720370678661e-03
9.306968914392704448e-03
9.230084576367241639e-03
9.152972290229486815e-03
9.075656997363809250e-03
8.998163061654320533e-03
8.920514268720312542e-03
8.842734520781100199e-03
8.764846664345151556e-03
8.686873910949735253e-03
8.608838375444016755e-03
8.530762362349435940e-03
8.452667452911497015e-03
8.374574841033597880e-03
8.296505762863792127e-03
8.218480110827815904e-03
8.140518954817465777e-03
8.062640707639517554e-03
7.984866442026235245e-03
7.907212925684529298e-03
7.829701393494396464e-03
7.752346815152574150e-03
7.675170737192413273e-03
7.598186190840678159e-03
7.521415174006996357e-03
7.444868651290181827e-03
7.368569201964811355e-03
7.292525607969892534e-03
7.216761150275759207e-03
7.141282324054722824e-03
7.066113222748573661e-03
6.991257962355989890e-03
6.916741550138388525e-03
6.842565641966379467e-03
6.768756250992579056e-03
6.695312503189354905e-03
6.622261500568177132e-03
6.549599780329591441e-03
6.477355607400851582e-03
6.405522881927984934e-03
6.334131097112311905e-03
6.263171478031335539e-03
6.192674803049796374e-03
6.122629594093900035e-03
6.053067963358129029e-03
5.983975711114614127e-03
5.915386324091637116e-03
5.847282871620712759e-03
5.779700247980070968e-03
5.712618791115276623e-03
5.646074828469399044e-03
5.580045974612986293e-03
5.514570008665281055e-03
5.449621837895322549e-03
5.385240704813751104e-03
5.321398833123037325e-03
5.258136933960495807e-03
5.195424578450831207e-03
5.133303945436923713e-03
5.071741991295703779e-03
5.010782355828028584e-03
4.950389424917475689e-03
4.890608287083892530e-03
4.831400807976643508e-03
4.772813507443436978e-03
4.714805786741673409e-03
4.657425574845926695e-03
4.600629869624539223e-03
4.544467982512461098e-03
4.488894574703422222e-03
4.433960306386570439e-03
4.379618315461619553e-03
4.325918354129808588e-03
4.272814338405658309e-03
4.220354315375064551e-03
4.168493078542734494e-03
4.117276912947170561e-03
4.066661580044281764e-03
4.016691554767099631e-03
3.967323648389248572e-03
3.918600486162973108e-03
3.870480002778124446e-03
3.823002942317853346e-03
3.776128428550988656e-03
3.729895300591113631e-03
3.684263929349881461e-03
3.639271232457030100e-03
3.594878878772462486e-03
3.551121854811013171e-03
3.507963171270889191e-03
3.465435880400727364e-03
3.423504372056491475e-03
3.382199767146195756e-03
3.341487865777827658e-03
3.301397866119750758e-03
3.261897003746331083e-03
3.223012567963531166e-03
3.184713249490711984e-03
3.147024447529058085e-03
3.109916322428058974e-03
3.073412406530224173e-03
3.037484339446332171e-03
3.002153814007823846e-03
2.967393954199887100e-03
2.933224644410609844e-03
2.899620493926347627e-03
2.866599613104664317e-03
2.834138093600053424e-03
2.802252309129651866e-03
2.770919827244119286e-03
2.740155325027410563e-03
2.709937836229860033e-03
2.680280383575075077e-03
2.651163454399325676e-03
2.622598461261802481e-03
2.594567329853322054e-03
2.567079908354949740e-03
2.540119543254264027e-03
2.513694565408387122e-03
2.487789722499897382e-03
2.462411876072456186e-03
2.437547153630835028e-03
2.413200996071846859e-03
2.389360887841631906e-03
2.366030898224563608e-03
2.343199844471928386e-03
2.320870473381901871e-03
2.299032909861025830e-03
2.277688627176188956e-03
2.256829031956071596e-03
2.236454372469885363e-03
2.216557310570846026e-03
2.197136917406427876e-03
2.178187083198949731e-03
2.159705748970002382e-03
2.141688006292031664e-03
2.124130711968332062e-03
2.107030131920473864e-03
2.090382083359224041e-03
2.074183979740809158e-03
2.058430641848643661e-03
2.043120604200934342e-03
2.028247732694686990e-03
2.013811656921005774e-03
1.999805327658821415e-03
1.986229444194723918e-03
1.973076080052432388e-03
1.960346979562533915e-03
1.948033374833663079e-03
1.936138031415056545e-03
1.924651373716212152e-03
1.913577165591929564e-03
1.902905055258717832e-03
1.892639782948013927e-03
1.882770249910031878e-03
1.873302151865743588e-03
1.864223669992618165e-03
1.855541435699232600e-03
1.847242934613048870e-03
1.839335715142549881e-03
1.831806589495423888e-03
1.824664005521395987e-03
1.817894121740356098e-03
1.811506269014230650e-03
1.805485969518957640e-03
1.799843421815714058e-03
1.794563526718110855e-03
1.789657336262154676e-03
1.785109142560083748e-03
1.780930837945439611e-03
1.777106116226418548e-03
1.773647697848785860e-03
1.770538686522775363e-03
1.767792619544427280e-03
1.765392016628289634e-03
1.763351221500183454e-03
1.761652173979774217e-03
1.760310014548679709e-03
1.759306105347933262e-03
1.758656374579795935e-03
1.758341607169570551e-03
1.758378510523728872e-03
1.758747291206580292e-03
1.759465427698890180e-03
1.760512545609343830e-03
1.761906886605664035e-03
1.763627491468947820e-03
1.765693357253860646e-03
1.768082934949474208e-03
1.770815969118530453e-03
1.773870315098416851e-03
1.777266456825620086e-03
1.780981647440118502e-03
1.785037101675746116e-03
1.789409463463885160e-03
1.794120669121206319e-03
1.799146746125330305e-03
1.804510342318149576e-03
1.810186861486231613e-03
1.816199651882641512e-03
1.822523486625078279e-03
1.829182401986183216e-03
1.836150533957230145e-03
1.843452592933056584e-03
1.851062454993799037e-03
1.859004340368678376e-03
1.867253006273931169e-03
1.875831791274982716e-03
1.884716317870481711e-03
1.893929036915627598e-03
1.903446419987264628e-03
1.913290022900686988e-03
1.923437151137956597e-03
1.933908456547267030e-03
1.944682064220268954e-03
1.955777711719317285e-03
1.967174330163665424e-03
1.978890731336727798e-03
1.990906639344090876e-03
2.003239927750602011e-03
2.015871100966061275e-03
2.028817081188440553e-03
2.042059140619213470e-03
2.055613236479747214e-03
2.069461396223288424e-03
2.083618598279425322e-03
2.098067612582313335e-03
2.112822425013126133e-03
2.127866534775534144e-03
2.143212921775519003e-03
2.158845800619535894e-03
2.174777132419301352e-03
2.190991832442738211e-03
2.207500831079543552e-03
2.224289728420294088e-03
2.241368413384818657e-03
2.258723153724262727e-03
2.276362787613341824e-03
2.294274231750681806e-03
2.312465266059201240e-03
2.330923435692053985e-03
2.349655456880549859e-03
2.368649480730509668e-03
2.387911156708457782e-03
2.407429217133784903e-03
2.427208244301924320e-03
2.447237524542913122e-03
2.467520575541401386e-03
2.488047207747400621e-03
2.508819880059942695e-03
2.529828894250416797e-03
2.551075659817971832e-03
2.572550933933408310e-03
2.594255089934398642e-03
2.616179301136281003e-03
2.638322922093737106e-03
2.660677499476221848e-03
2.683241390855572138e-03
2.706006469734904135e-03
2.728970123199649968e-03
2.752124501150799134e-03
2.775466051646585750e-03
2.798987146459980171e-03
2.822683331301102747e-03
2.846547141035736094e-03
2.870573261171409547e-03
2.894754326484062258e-03
2.919084210125263718e-03
2.943555579058941898e-03
2.968161547849991911e-03
2.992894743268130053e-03
3.017747581190595094e-03
3.042712571046981770e-03
3.067781496246895900e-03
3.092946666884682522e-03
3.118199306617441390e-03
3.143531439294050545e-03
3.168933808184780897e-03
3.194398059022861888e-03
3.219914540843463700e-03
3.245474424411572221e-03
3.271067757578992059e-03
3.296685134308975987e-03
3.322316401312715335e-03
3.347951468964290196e-03
3.373580089934526995e-03
3.399191379320880453e-03
3.424775109952008997e-03
3.450319485143721072e-03
3.475814419191488626e-03
3.501247082419448303e-03
3.526607658993273758e-03
3.551882160474731723e-03
3.577061176350215116e-03
3.602129429265446027e-03
3.627078056445447868e-03
3.651890357296011438e-03
3.676558166052106436e-03
3.701063220635018598e-03
3.725398208264502423e-03
3.749543163500118972e-03
3.773491789037183592e-03
3.797222270891955839e-03
3.820729496015030837e-03
3.843989653763733600e-03
3.866998990144370103e-03
3.889731547219835422e-03
3.912185110561948800e-03
3.934331422243726208e-03
3.956169993265388173e-03
3.977670111462159805e-03
3.998833204075573529e-03
4.019625949459593173e-03
4.040051886408192738e-03
4.060074928163450933e-03
4.079700924378582699e-03
4.098890867827744561e-03
4.117653121770707865e-03
4.135945604149356657e-03
4.153779397408034237e-03
4.171109192058121244e-03
4.187948997470758265e-03
4.204250126728635052e-03
4.220029725310832369e-03
4.235235582368553076e-03
4.249888189322834596e-03
4.263931669344966924e-03
4.277390069435767737e-03
4.290203710217223819e-03
4.302400402797479893e-03
4.313916535251427486e-03
4.324783889230398096e-03
4.334934797998607654e-03
4.344405217043929672e-03
4.353123311525440402e-03
4.361129409795852681e-03
