0.0909751497354512
0.0909444674540725
0.0909213902001002
0.0909183392389717
0.0909294628725809
0.0909567248398793
0.0909994972109527
0.0910572092326222
0.0911305013367754
0.0912182385358965
0.0913213444371244
0.0914386081044607
 0.091570991183512
0.0917173259106062
 0.091878551401415
0.0920535703103873
0.0922432847354679
0.0924466722462648
0.0926645949709488
0.0928961043653346
0.0931420225516771
0.0934014725954087
0.0936752373401519
0.0939625089884039
0.0942640320568245
  0.09457906546518
0.0949083164429881
0.0952511083100987
0.0956081121016284
0.0959787133242259
0.0963635479548128
0.0967620615674343
0.0971748562580526
0.0976014356304028
0.0980423691175791
0.0984972163848096
0.0989665154621487
0.0994498801658958
0.0999478184262042
 0.100459996346539
 0.100986893105743
 0.101528225266225
 0.102084444652202
 0.102655316481999
 0.103241266673081
 0.103842107311644
 0.104458239910998
  0.10508952164212
 0.105736331175408
 0.106398568978618
 0.107076592503444
 0.107770343711689
 0.108480160528203
 0.109206024581608
 0.109948256034451
 0.110706874320653
 0.111482183683085
 0.112274239455266
 0.113083331886853
 0.113909550251092
 0.114753172820817
 0.115614320784811
 0.116493262551847
 0.117390149127382
 0.118305241272057
 0.119238717623886
  0.12019083362163
 0.121161793255622
 0.122151849086823
 0.123161228070368
 0.124190182459204
 0.125238959666974
 0.126307814342343
 0.127397011720508
 0.128506811692172
 0.129637494534202
 0.130789328377243
 0.131962605604326
 0.133157605744936
 0.134374630183985
 0.135613973179498
 0.136875941831574
 0.138160848637497
 0.139469002929327
 0.140800739145973
 0.142156365157045
 0.143536241248161
  0.14494066990569
 0.146370041381258
 0.147824648615085
 0.149304916170257
 0.150811123019492
 0.152343732621343
 0.153903005284347
 0.155489448197941
 0.157103298016963
 0.158745110761899
 0.160415094133465
 0.162113858361902
 0.163841576563774
 0.165598918850645
 0.167386017775994
 0.169203609311919
 0.171051779101095
 0.172931335278317
  0.17484230983844
 0.176785589719912
 0.178761146122371
 0.180769951784015
 0.182811909529822
 0.184888085265879
 0.186998305408761
 0.189143736790105
 0.191324120907238
 0.193540733682556
  0.19579322268284
 0.198082981512666
 0.200409554272607
 0.202774461286315
 0.205177133103733
 0.207619226269887
 0.210100047125966
 0.212621398426698
 0.215182451047254
 0.217785164447783
 0.220428562155084
  0.22311477136001
 0.225842655707012
 0.228614521695831
 0.231429059874501
 0.234288768213632
 0.237192150210089
 0.240141908235551
 0.243136343232811
 0.246178379434478
 0.249266079537361
 0.252402606499496
 0.255585861587679
 0.258819112614334
 0.262100180087898
 0.265432408386224
 0.268813547208961
  0.27224701017523
 0.275730480064559
 0.279267433841708
 0.282855491048285
 0.286498185782602
 0.290193078350879
 0.293943753291112
 0.297747716061235
 0.301608594432585
 0.305523843812964
 0.309497127468584
 0.313525855990686
 0.317613719851002
 0.321758090518356
 0.325962676810992
 0.330224817256355
  0.33454822957158
 0.338930226038298
 0.343374523216971
 0.347878414382662
 0.352445604255716
 0.357073374918467
 0.361765407918958
 0.366518982568231
 0.371337745238947
 0.376218981535331
 0.381166289956748
   0.3861769721465
 0.391254565311622
 0.396396397603688
  0.40160593076783
 0.406880530702512
 0.412223568737506
 0.417632460577377
  0.42311047136081
 0.428655079535618
   0.4342694274067
 0.439951070044953
 0.445703009359294
 0.451522891939963
 0.457413560755955
  0.46337276991419
 0.469403183843867
 0.475502681364857
 0.481673727621907
 0.487914344656999
 0.494226776334155
  0.50060920787306
 0.507063638480286
 0.513588438112724
 0.520185336406514
 0.526852911405948
 0.533592596538559
 0.540403203299799
 0.547285840315509
 0.554239580177034
 0.561265175880366
 0.568361991361221
 0.575530390579651
 0.582770062059951
  0.59008094432088
 0.597463087194344
 0.604915963832989
 0.612440026159939
 0.620034237871467
 0.627699498561569
 0.635434213407035
  0.64323978096343
  0.65111399283509
 0.659058804696223
 0.667071332243415
 0.675154154767205
 0.683303640779401
  0.69152306992857
 0.699807981167354
 0.708162443978379
 0.716581071445338
 0.725068828402725
 0.733619288026156
 0.742238436529625
  0.75091867025106
 0.759667149475712
 0.768474926721077
 0.777350524368054
 0.786283443906719
 0.795283805700821
 0.804339297950078
 0.813461941422122
 0.822637271399904
 0.831879606855507
 0.841171878368459
 0.850531242856206
 0.859937405560576
 0.869411122378956
 0.878927986411654
 0.888513479851152
 0.898137752536716
 0.907832797277725
 0.917561192443199
 0.927364548213983
  0.93719417988266
 0.947107617769866
 0.957037872551077
 0.967075612629207
 0.977123320092859
 0.987417724334482
  1.00707696276598
  1.01855328803295
  1.02902759726409
  1.03949539778328
  1.04985639399594
  1.06029138637351
  1.07068866540204
  1.08115859159564
   1.0916111310497
  1.10212978873827
  1.11263961748275
  1.12320929834234
  1.13377420658636
  1.14439343373874
   1.1550097513237
  1.16567547463558
  1.17633891232619
  1.18704730888763
   1.1977532713523
  1.20850009089184
  1.21924440336107
  1.23002454595361
  1.24080223450698
  1.25161112704183
  1.26241717216276
  1.27325010460242
   1.2840794563338
  1.29493162195488
  1.30577920934095
  1.31664573225852
  1.32750647025685
  1.33838242482939
  1.34925121978508
  1.36013164490661
  1.37100339912239
  1.38188330913401
   1.3927529248042
  1.40362731806257
  1.41448970070784
   1.4253535664539
   1.4362036279278
  1.44705195186698
   1.4578846129712
  1.46871238183603
  1.47952257456433
   1.4903247798425
  1.50110744926429
  1.51187909021958
   1.5226291960105
  1.53336528208758
  1.54407779971217
   1.5547733523921
  1.56544327394371
  1.57609332810079
  1.58671566280376
  1.59731526760299
  1.60788504198253
  1.61842926134929
  1.62894151907493
  1.63942543176257
  1.64987523317164
  1.66029393244871
  1.67067635375617
   1.6810249467319
  1.69133507893327
  1.70160868553714
  1.71184163301124
  1.72203538464082
  1.73218626345859
  1.74229530130779
  1.75235923725339
  1.76237871033179
  1.77235083664154
    1.782275899494
  1.79215135431808
  1.80197716445243
  1.81175108804359
  1.82147280307277
  1.83114033470526
  1.84075310920889
  1.85030938382993
  1.85980836593871
  1.86924851055362
  1.87862883825884
  1.88794796804958
   1.8972047652379
  1.90639797941363
  1.91552635162613
  1.92458872900275
  1.93358375891532
  1.94251035321921
  1.95136709583955
  1.96015293072935
  1.96886640830397
  1.97750647210188
   1.9860716687242
  1.99456090884675
  2.00297276475589
  2.01130608183156
  2.01955948738808
   2.0277317290468
  2.03582151836992
  2.04382747268741
  2.05174841693534
  2.05958280551171
  2.06732960578344
   2.0749870764331
  2.08255435626732
   2.0900294752936
  2.09741177273648
  2.10469901676073
   2.1118907759708
  2.11898452328209
  2.12598008563598
  2.13287460702248
   2.1396682016807
  2.14635765069971
  2.15294338458675
  2.15942178722427
  2.16579363437086
  2.17205487803561
  2.17820666822542
  2.18424449001603
  2.19016989667105
  2.19597787084629
  2.20167039807727
  2.20724192265177
  2.21269489139129
  2.21802317376883
  2.22322970689345
  2.22830774843809
  2.23326075477399
  2.23808133420798
  2.24277349130224
   2.2473291468044
  2.25175288232678
  2.25603589218752
  2.26018336381035
  2.26418572548179
  2.26804879906546
  2.27176220642182
   2.2753324323084
  2.27874825090631
  2.28201683809671
  2.28512607819528
  2.28808386615254
  2.29087715321683
  2.29351458099941
  2.29598212337162
  2.29828919575885
  2.30042074913227
  2.30238699934606
  2.30435380239735