 822077.10009295
822076.788097925
822095.447927823
 822104.94125352
822113.427880581
822122.630418779
822126.134524314
822132.599066877
822132.467155894
822135.638081254
822132.246597489
822132.027631654
822125.499601333
822121.897708407
822112.282043313
822105.319284677
 822092.63605719
822082.328141898
822066.580344524
 822052.93171086
822034.108570317
822017.111501736
821995.189607146
821974.824275686
821949.768088455
821926.002758589
821897.764900707
821870.556108618
821839.077533435
821808.370200593
821773.580276397
821739.307751275
821701.124268953
821663.208298674
821621.537409291
821579.888044335
821534.624130555
 821489.13956549
821440.165049793
821390.731402394
821337.916494325
821284.407524979
821227.609909116
821169.886681856
821108.951147686
821046.861633784
820981.619648263
820914.998272905
820845.267496084
820773.934628299
820699.518372087
820623.279757812
820543.966387645
820462.612525525
820378.174804452
820291.480263744
820201.674638235
820109.397317976
820013.963144547
819915.843472986
819814.502184599
819710.262257749
819602.716468789
 819492.05912682
819377.991675382
819260.599515519
 819139.67244165
819015.206766181
818887.060224686
818755.159922663
818619.411029097
818479.691390333
818335.932998824
818187.984458847
818035.783870481
817879.170685198
817718.068285812
817552.327134786
817381.834961189
817206.473478639
817026.073712496
816840.568945345
816649.712334247
816453.509126888
816251.613332476
816044.122638299
815830.570511716
815611.167631871
815385.305417321
 815153.32816776
814914.463635525
814669.210443945
814416.610954873
814157.338889948
 813890.22939421
813616.152130284
813333.713104071
813043.998825442
812745.364150244
812439.133400209
  812123.3881905
811799.711671539
811465.890057864
811123.786390644
810770.869266563
810409.302716929
810036.215459793
809654.093644525
809259.703821766
808855.875405659
808438.990480109
808012.242878907
807571.607928746
807120.665034523
806654.960505572
806178.480453504
805686.319964019
805182.892961844
804662.821182425
804130.967426608
803581.458060558
803019.625765852
802439.079658151
801845.643230201
801232.386636195
800605.645019849
799957.928067912
799296.103306858
798612.098693161
797913.334736248
797191.136709604
796453.498422814
795691.122507584
794912.592949655
794107.986140784
793286.413832408
792437.546319273
791570.668462002
790675.351422622
789760.898156631
788816.843264077
787852.473844933
786857.314502945
 785840.61338452
784791.908706376
783720.387642861
782615.625550551
781486.726895364
780323.327849296
779134.428689318
777909.750234665
776658.167387058
775369.509588985
774052.505519189
772697.117348223
771311.907068015
769886.993793258
768430.752794484
766933.484438179
765403.357712915
 763830.87861435
762223.990805999
760573.430335683
758886.897057583
757155.381513965
755386.321862581
753570.987573189
751716.537851607
749814.545488305
 747871.87414265
745880.424246748
743846.748003205
741763.097700298
739635.698873667
737457.179740585
 735233.42466681
732957.461693728
730634.820218771
728258.951788832
725835.017724722
723356.916511385
720829.428947543
718246.923606788
715613.788941154
712924.886451824
710184.200982129
707387.109463588
704537.182354945
701630.334167315
698669.710588459
695651.785497459
692579.269695126
 689449.21786165
686263.895921269
683020.960455812
679722.222477582
676365.961282277
672953.522685332
669483.829292168
 665957.75094668
662374.874050291
  658735.5809285
655040.142306223
651288.440339059
647481.450850501
643618.541677185
 639701.41504064
635728.908344563
631703.472398891
627623.395534372
623491.900712542
619306.705343415
615071.830107999
610784.395599929
 606449.24862141
602062.881953905
 597631.00084944
593149.432838887
588624.779331635
584052.156979481
579439.108385886
574779.983180195
570083.320183111
565342.632176089
560567.522892712
555750.580331002
550902.560730516
546015.014889081
541099.965643817
536147.780225313
531171.900061761
526161.313887383
521131.089363062
516068.569658181
 510990.74080937
505882.921026717
500764.440827473
495618.028296778
490466.008937178
485287.622458728
480109.243216074
474905.053958241
469707.323703178
464481.989615237
459270.758836978
454022.601224276
448794.831761749
 443462.21429266
433430.128494283
427648.304457368
422400.667019958
417185.252610841
412052.498973427
406913.555320232
  401824.4664364
396732.168270674
 391681.52464072
386633.157326135
381624.079595918
376622.494850504
371659.972804694
366709.640452195
361799.100508429
 356904.97311172
352051.830964567
347218.918732203
 342428.40300106
337661.582582784
332938.392542757
328242.567688872
323591.400792952
318970.874374479
314396.074880957
309854.840248431
305360.386663194
300902.103818099
296491.602215308
 292119.58344912
287796.264969651
 283513.46743212
 279280.18923558
  275089.2127235
270948.461926323
266851.550806327
262805.451051894
258804.499564313
254854.819921455
250951.380298801
247099.546207717
243294.839150537
  239541.9451464
235836.872267042
232183.696219002
228578.854109037
 225025.87271959
221521.568329738
218068.973648092
214665.240696221
211312.957409908
208009.573556077
204757.276837768
201553.781387192
198400.915088202
195296.627004177
192242.422002173
189236.458031907
186279.950557529
 183371.24329446
180511.293079395
177698.608805972
174933.916913295
172215.873088156
169544.999303903
166920.081576748
  164341.4612596
161808.039915645
159320.000218875
156876.345972489
154477.121368803
152121.420442469
149809.167497897
 147539.53593813
145312.347295511
143126.844491499
 140982.76203734
138879.403421002
136816.430621447
 134793.19953916
132809.312941545
130864.171698069
128957.331604019
127088.231688191
125256.392012472
123461.283521994
121702.400858425
119979.241147763
118291.283069555
116638.044650495
115018.997277328
113433.675006371
111881.549874639
110362.167465058
108875.007740882
107419.623640174
105995.509717362
104602.222393077
103239.276919996
 101906.22959838
100602.621978949
99328.0068820083
98081.9572969706
96864.0194241978
95673.8024191585
94510.8429203862
93374.7906073101
92265.1697933423
 91181.674712181
90123.8147496201
89091.3324364983
88083.7197730707
87100.7710813267
86141.9586477479
   85207.1318678
 84295.741102042
83407.6939260679
82542.4166659425
81699.8780433118
 80879.478333292
80081.2502630046
79304.5661218321
78549.5254289055
77815.4706251761
77102.5707687345
76410.1366529017
75738.4096154032
75086.6670585235
74455.2253675203
 73843.326859227
73251.3657956603
72678.5477570544
72125.3478078599
71590.9331791466
71075.8627963263
70579.2639637968
70101.7826975994
69642.5048309143
 69202.166911918
68779.8117904199
68376.2702437379
67990.5406598089
67623.5520449985
67274.2568839967
66943.6867670173
66630.7468772682
66336.5761559561
66060.0311389815
65802.3633624433
 65562.379434624
65341.4492793554
65138.3283801424
64935.9547043628