43.5020715097228
 43.487423609945
43.4764065439538
43.4749505012473
43.4802617655316
43.4932778523284
 43.513698945689
 43.541252505862
 43.576244223804
43.6181321523755
43.6673571398601
 43.723340953126
43.7865425642101
43.8564043268156
43.9333744200133
44.0169287932783
 44.107497915643
44.2045934799191
44.3086268352138
44.4191449264378
44.5365399647997
44.6603930598751
44.7910776312888
44.9282077717647
45.0721385625976
45.2225159228225
45.3796770905455
 45.543298702768
   45.7137006746
45.8905893017766
46.0742677171206
46.2644708601971
46.4614856415778
46.6650746682589
46.8755092078131
47.0925785909464
47.3165390410888
47.5472056959985
 47.784820354139
48.0292230653363
48.2806418435697
48.5389407722345
48.8043347438319
49.0767110082876
49.3562720235921
49.6429273457254
49.9368677107312
50.2380241219269
50.5465763333907
50.8624759340804
51.1858924655093
51.5167972328948
51.8553503661735
52.2015420050636
52.5555237028346
52.9173035348616
53.2870253490696
53.6647142358153
54.0505072480655
54.4444455438469
54.8466603334223
55.2572078636608
55.6762144991967
56.1037505604181
56.5399386113424
56.9848619889636
57.4386405528903
57.9013695529954
58.3731672953014
58.8541397866488
59.3444049884829
59.8440784509842
60.3532790619426
60.8721306378235
61.4007543294853
61.9392808733029
62.4878350897686
63.0465532133739
63.6155652148584
64.1950113233118
64.7850282187489
65.3857585330849
65.9973472975806
66.6199378601934
67.2536853330341
67.8987319913125
68.5552448500858
 69.223363213781
69.9032679200105
70.5950932876533
71.2990359991849
72.0152232487004
72.7438696938961
73.4850931323901
74.2391284410202
75.0060816085312
75.7862100940656
76.5796055159022
77.3865504037299
78.2071192858333
 79.041622381768
79.8901142433782
 80.752935536638
 81.630117774376
82.5220349690783
83.4286923464198
84.3505003154964
85.2874343714844
86.2399445268024
 87.207972897743
88.1920124701328
 89.191968117943
90.2083793407705
91.2411096816104
92.2907488715122
93.3571147983232
94.4408513267388
95.5417261193577
96.6604412685542
97.7967093851588
98.9512950825705
 100.12385082636
101.315208251237
102.524954306466
 103.75399236307
105.001838194823
106.269471846733
107.556331959164
108.863480419729
110.190272467523
111.537857243923
112.905499982943
114.294442817048
115.703853658305
117.135075459703
118.587162019614
120.061564624036
121.557259075988
123.075741620188
124.615947932868
126.179405549997
127.765014589006
129.374330061149
131.006218233959
132.662258436881
134.341284690689
136.044897325737
137.771899860353
139.523910072455
141.299702892855
143.100909745398
144.926279070591
146.777451881662
148.653152418878
150.555026967684
152.481778061883
154.435052676168
156.413534346641
158.418865883782
160.449714761482
162.507714497819
164.591519678988
166.702749123916
168.840047957542
171.005014610795
173.196288439373
175.415441511924
177.661111386962
 179.93483750782
182.235259903434
184.563878836517
186.919341386295
189.303101783309
 191.71381906737
194.152894284272
 196.61900369506
  199.1134877012
201.635045418029
204.184948828382
206.761925931993
   209.367172194
211.999450953465
 214.65987272088
217.347243085982
220.062578812685
222.804735145406
 225.57462593243
 228.37116401143
231.195150740368
234.045565072182
236.923085857716
239.826767327967
242.757155321419
245.713389218524
 248.69587079308
251.703835235736
254.737528582356
 257.79629338059
260.880207541458
263.988733519165
267.121767883029
270.278906687786
273.459850968498
276.664345392093
279.891880108259
283.142364938903
286.415062408674
289.710065833429
293.026391694201
296.364337267984
299.722652526159
303.101861722139
 306.50042533306
309.919120688806
313.356092661756
316.812401537107
320.285846554714
323.777805522227
327.285697058086
330.811256957574
334.351481870517
337.908513579583
341.478877158522
345.065178168692
348.663409599642
352.276711556724
355.900469786823
359.538447282937
 363.18532727293
366.845608425393
370.513147832508
374.193327684352
377.879014156356
381.576673003256
385.277952649152
388.990683873517
392.704972601866
 396.43043091406
400.155133942273
403.891133246778
407.623691356984
411.368444526407
415.106485046902
418.859356324927
422.601388799034
426.366376468109
430.117387270247
433.942066787792
441.194081686691
445.395911309626
449.210471300053
453.003174019102
456.737965861379
460.480083637708
464.189342249625
467.904994244892
471.594914740203
475.288429644092
 478.95904784842
482.630602073914
486.280480426767
489.928951789744
493.556205798984
497.179984957527
500.782595578472
504.379883147102
507.955814065205
 511.52474962115
515.072193296189
518.610724274571
522.127699898841
525.634043318752
529.118652090524
532.591073392348
536.041504264324
539.478332145869
542.892865082598
546.292501211982
549.669509117226
553.030434466721
556.368384204615
559.689163135962
562.986615866523
566.265898630861
569.521509584529
572.758033646112
575.970551415395
579.163141864356
582.331407267538
585.478976502589
588.601921062747
591.703467873481
594.780111950181
597.834720096604
600.864170704456
603.871007070715
606.852455417208
609.810767802618
612.743486576441
615.652601177315
618.535941617356
621.395260246158
624.228649020324
627.037646103331
629.820582025219
632.578801415626
635.310852025772
638.017903665547
640.698701702579
643.354258163274
645.983497948707
648.587290878556
651.164724637332
 653.71654113927
656.241975276343
658.741654239158
661.214945590662
663.662373993024
666.083426068627
668.478535273457
670.847294504689
673.190056559157
675.506508566595
 677.79693252083
680.061098411176
 682.29922666679
684.511159369061
686.697064066609
688.856844714863
690.990624167411
693.098358535757
695.180133714066
   697.235948708
699.265859780922
701.269899987421
703.248102919658
705.200527217001
707.127190424656
709.028168651354
710.903469714307
712.753179395247
714.577301823874
716.375924950171
718.149055002567
719.896774860617
721.619098405264
 723.31609644896
724.987795866225
726.634248624996
728.255499739779
729.851575754131
731.422544790691
732.968401565353
734.489242113881
735.985023077543
737.455873060973
738.901704520296
740.322683148291
741.718671222329
 743.08987591809
744.436103438081
745.757606722047
747.054130079599
748.325976392415
749.572822317799
750.795024763381
751.992187013489
753.164724000629
 754.31215993411
755.434971693363
756.532598708461
757.605583658226
758.653275465599
759.676286398528
760.673869099034
 761.64670915724
762.593957091031
763.516375494217
764.413006823201
765.284694309998
766.130366292003
766.950950230486
767.745254138036
768.514293255044
769.256748885181
769.973727557973
770.663777273371
 771.32809931996
771.965101553138
772.576083448447
773.159305591292
773.716169026247
774.244779616322
774.746643304926
 775.21970340613
775.665574030745
776.082027691572
776.470789861701
776.829453515466
777.159858592006
777.489919864631