 3.44914062242102
 3.44913554216628
 3.44921099716769
 3.44925036435473
 3.44928720380614
   3.449328966605
 3.44934867263267
  3.4493825834173
 3.44939068245683
 3.44941437233035
 3.44941237715393
  3.4494254030311
 3.44941378970093
 3.44941615342984
  3.4493951054662
 3.44938688666984
 3.44935648239025
 3.44933774858466
 3.44929800928811
 3.44926879481515
 3.44921969798044
 3.44917999981151
  3.4491214833131
 3.44907126080457
  3.4490032246535
 3.44894240006111
 3.44886470731553
 3.44879316629576
 3.44870564357117
 3.44862323549685
 3.44852567320079
 3.44843221126481
  3.4483243636024
 3.44821962471621
 3.44810120949035
 3.44798493399013
 3.44785563221215
  3.4477275233838
 3.44758697870555
 3.44744670213707
 3.44729452011195
 3.44714170287876
 3.44697745005613
  3.4468116797418
 3.44663488259622
 3.44645570614897
 3.44626584984365
 3.44607277226655
 3.44586929924825
 3.44566178211928
 3.44544409054037
 3.44522155035752
 3.44498899231992
 3.44475079866521
 3.44450267828006
 3.44424815179626
 3.44398372305298
 3.44371213322622
 3.44343059766444
 3.44314116040633
 3.44284166458441
  3.4425335396073
 3.44221517236148
 3.44188746034115
 3.44154924982992
 3.44120098935026
 3.44084189987894
 3.44047206415387
 3.44009099277502
 3.43969848614346
 3.43929425902912
  3.4388779132191
 3.43844928180161
 3.43800785196025
 3.43755348883845
 3.43708564932506
 3.43660414393349
 3.43610848387306
 3.43559833791177
 3.43507335650699
 3.43453297913049
 3.43397708073057
 3.43340478349432
  3.4328162724195
 3.43221026398358
 3.43158733910494
 3.43094571969472
  3.4302864687695
 3.42960722439431
 3.42890961815825
 3.42819061459013
  3.4274525006093
 3.42669147712521
 3.42591057341146
 3.42510513630418
 3.42427902470031
 3.42342664056516
 3.42255275990785
  3.4216507487148
 3.42072638778631
 3.41977191574988
 3.41879420603219
 3.41778427829483
 3.41675018654353
 3.41568163969173
  3.4145879603511
 3.41345745478777
 3.41230080227245
 3.41110481447374
 3.40988161534773
 3.40861643003769
 3.40732291512666
 3.40598461740858
 3.40461681388756
 3.40320128137745
 3.40175500488228
 3.40025789989637
 3.39872874671451
 3.39714550857002
 3.39552884797378
 3.39385468547001
 3.39214565226329
 3.39037553641835
 3.38856902377647
 3.38669768090359
 3.38478833359495
 3.38281023881157
 3.38079244689813
 3.37870181817402
 3.37656971128257
 3.37436050421379
 3.37210794613667
 3.36977385131008
 3.36739442649094
 3.36492891135246
 3.36241569479116
 3.35981237908039
 3.35715805581334
 3.35440994846778
 3.35160721851998
 3.34870696617587
 3.34574828091781
   3.342688248929
 3.33956578965951
 3.33633807222865
 3.33304375223722
 3.32964017802555
 3.32616564851606
 3.32257778778822
 3.31891444613624
 3.31513362013295
 3.31127262052798
 3.30728991330199
  3.3032221799581
 3.29902845287127
 3.29474469599744
 3.29033060506952
   3.285821339787
 3.28117735608009
 3.27643292446494
 3.27154935767676
 3.26655995409357
 3.26142697951884
 3.25618267939506
 3.25079036839505
 3.24528116056432
 3.23961951466223
 3.23383533737952
 3.22789432607065
 3.22182510677128
  3.2155947091045
 3.20923040794357
 3.20270065789225
  3.1960313150599
 3.18919235065714
 3.18220813741923
 3.17505025358393
 3.16774152694663
 3.16025523187391
 3.15261259271493
 3.14478866764639
 3.13680302209573
 3.12863258422395
  3.1202952080132
 3.11176977620963
 3.10307238164267
 3.09418394463097
 3.08511874976011
 3.07585983628857
 3.06641963581077
 3.05678338630868
 3.04696162362795
 3.03694186276331
 3.02673270259766
 3.01632401208907
 3.00572241293691
 2.99492020391231
 2.98392198963399
 2.97272257377477
 2.96132450349236
 2.94972516215541
 2.93792499762964
 2.92592404810315
 2.91372061771098
 2.90131747573548
 2.88871073414795
 2.87590597182165
  2.8628970544687
 2.84969245265927
 2.83628372406764
 2.82268231847093
  2.8088774135719
 2.79488353359354
 2.78068739111787
 2.76630669080597
 2.75172557790993
 2.73696505823719
 2.72200658552992
 2.70687460740976
 2.69154773356613
 2.67605402108876
 2.66036904621262
 2.64452467969921
 2.62849322651141
 2.61231062509921
 2.59594560679072
 2.57943850036171
 2.56275407343283
 2.54593746374132
 2.52894896304551
 2.51183907378325
 2.49456292464773
 2.47717713963574
 2.45963073675423
 2.44198752368726
 2.42418905432363
 2.40630786606286
 2.38827602386411
 2.37017715153017
 2.35193059643782
 2.33363488297596
 2.31519098979278
 2.29671901859911
 2.27809007485004
 2.25945865474766
 2.24063450210654
 2.22182886912251
 2.20258353864417
 2.16630910546212
  2.1453477466197
 2.12625031631014
 2.10720384274232
 2.08839417753347
 2.06949624748204
 2.05071605293558
 2.03185761534326
 2.01308682438993
  1.9942570863588
 1.97550623642095
 1.95671504109621
 1.93800197464143
 1.91926557328834
 1.90061027727158
 1.88194723230243
 1.86337021972456
 1.84479986222855
 1.82632152438705
 1.80786324967131
 1.78950252927046
 1.77117643199907
 1.75295285590919
 1.73477728926631
 1.71670959919701
 1.69870227412013
 1.68080835178726
 1.66298621999893
 1.64528303051506
  1.6276621988152
 1.61016574660437
 1.59276141389674
 1.57548670906053
 1.55831312048344
 1.54127415446761
 1.52434456923782
 1.50755429904656
 1.49088096981419
 1.47435131018159
 1.45794547234375
 1.44168729532709
 1.42555916511248
 1.40958230657927
 1.39374108692471
 1.37805435939448
 1.36250825275755
 1.34711946404307
 1.33187569137069
 1.31679166845009
 1.30185649357383
 1.28708311111698
 1.27246186988359
 1.25800408285523
 1.24370121633356
 1.22956309610219
 1.21558218723829
 1.20176696063261
 1.18811077375689
 1.17462086453146
  1.1612913871548
  1.1481284593512
 1.13512694572253
  1.1222919484415
 1.10961896437658
 1.09711217750955
 1.08476764603973
 1.07258872654362
 1.06057197397309
 1.04872000230914
 1.03702980430999
 1.02550333070599
 1.01413795812066
 1.00293504835405
0.991892312415031
0.981010592852674
0.970287889568292
0.959724591235806
0.949318944728707
 0.93907094621866
0.928979050839747
 0.91904291990196
 0.90926118097663
0.899633214666678
0.890157787762391
0.880834051054796
0.871660879688797
0.862637242489698
0.853762094223257
0.845034266743404
0.836452767634204
0.828016334106982
0.819724001514268
 0.81157445226511
0.803566726022981
0.795699487916117
0.787971759909109
0.780382225215058
0.772929867406735
0.765613421149695
0.758431812130156
0.751383857988631
0.744468408120054
0.737684392966295
0.731030568217528
 0.72450600539291
0.718109349965031
0.711839841398447
0.705695999252743
0.699677256538463
0.693781991947433
0.688009856507552
 0.68235907375787
0.676829536222635
0.671419298607191
0.666128517554541
0.660955065798775
0.655899386002991
0.650959156279522
0.646135126627078
0.641424768320481
0.636829159560093
0.632345552954435
0.627975375459897
0.623715649532449
0.619568171266842
 0.61552972178245
 0.61160248666598
0.607782994782326
 0.60407384168238
0.600471293292516
0.596978375871195
0.593591081928446
0.590312889604375
0.587139507698414
0.584074888004967
0.581114445485045
0.578262628136405
0.575514547109034
0.572875170119543
 0.57033929468608
0.567912432931185
0.565589059076904
0.563375255732337
0.561265164330468
0.559265465684628
 0.55736995914432
0.555585953349754
 0.55390689651204
0.552340756923166
0.550880622899815
0.549535156746042
0.548297078507367
0.547062916100145