1503759.82198802
1503757.29145211
1503792.39460819
1503811.24931193
1503828.79917934
1503848.38599943
1503858.40108059
 1503874.1808338
1503879.00102076
1503890.04097256
  1503890.260797
1503896.42320699
 1503892.2279875
1503893.53838754
1503885.00605371
 1503881.5119284
1503868.68183568
1503860.42158415
1503843.31072224
1503830.30732469
 1503808.9145608
1503791.17469119
1503765.48221218
1503742.99647296
1503712.97049904
1503685.71381482
1503651.30506007
1503619.23702208
1503580.38101594
1503543.44613763
1503500.06343959
1503458.19132032
1503410.18764048
1503363.29304151
1503310.55927453
1503258.54211251
 1503200.9542905
1503143.69955307
1503081.11872193
 1503018.4963091
1502950.76833196
1502882.63282679
1502809.58811745
1502735.77848831
1502657.23167722
1502577.57091384
 1502493.3204483
1502407.61513305
1502317.44281323
1502225.48262888
1502129.15308055
1502030.71025516
1501927.97033982
1501822.79902942
1501713.37719231
1501601.21280132
1501484.81835731
1501365.37679689
1501241.69915421
1501114.67603817
1500983.38385976
1500848.45363766
1500709.19393961
1500566.00896654
1500418.40615324
1500266.59569572
1500110.25053092
1499949.41970815
1499783.90822149
1499613.63688134
1499438.50920953
1499258.35073853
1499073.12990065
 1498882.6099674
1498686.79057371
1498485.40580509
1498278.45269893
1498065.66928871
1497847.01612114
1497622.26837081
1497391.31610791
1497154.00489959
1496910.12026254
1496659.61146421
1496402.12530257
1496137.74810629
1495865.95370526
1495586.99889918
  1495300.150222
1495005.86839755
1494703.17826474
1494392.77796101
 1494073.4161686
1493746.06195618
1493409.15333574
1493063.96384326
1492708.58626735
1492344.63215455
1491969.81449164
1491586.11637358
1491190.83639782
1490786.36272587
1490369.54498768
1489943.20989381
1489503.72355839
1489054.38467044
1488591.04133264
1488117.49756946
1487629.04905431
1487130.03841097
1486615.17457099
1486089.37190548
1485546.71842691
1484992.73326163
1484420.84949355
1483837.22384613
1483234.60066798
1482619.80692789
1481984.86467276
1481337.30354195
1480668.38999463
1479986.38851228
1479281.77700334
1478563.58667692
1477821.47429579
1477065.26936253
1476283.77531482
 1475487.6511597
 1474664.8152969
1473826.78705168
1472960.56862299
1472078.56987213
1471166.84707415
1470238.72583697
1469279.31106812
1468302.74376292
1467293.52688861
1466266.06520189
1465204.72488387
1464123.94517986
1463008.04637799
1461871.45102588
1460698.47395582
1459503.48422187
1458270.82770945
1457014.78451864
1455719.76779212
1454399.93359545
1453039.79847304
1451653.35973441
1450225.27339883
1448769.34370733
1447270.40212377
1445742.02597387
1444169.25799744
1442565.41528152
1440915.78749818
1439233.39875465
1437503.82109835
 1435739.7535563
  1433927.085742
1432078.16020083
1430179.21901044
1428242.21758878
1426253.78504249
1424225.45982667
1422144.29226749
1420021.37488381
1417844.21299697
1415623.42512597
1413347.00490817
1411025.06975144
1408646.13443667
1406219.78913832
1403735.10207845
1401201.11109389
1398607.46958204
1395962.63897622
1393256.88899012
 1390498.0816362
1387677.13346698
 1384801.2851038
1381862.12982321
1378866.26591722
1375805.99262269
1372687.24596612
 1369503.0597296
1366258.68869265
1362947.92912455
1359575.33646467
1356135.49679023
 1352632.2489071
1349060.99543761
1345424.84194787
1341720.03381552
1337948.92730711
1334108.63631835
 1330200.7521308
1326223.28258056
1322177.03844498
 1318060.9467226
1313875.02208351
1309619.13589113
1305292.49072253
1300895.92771848
1296427.82063798
  1291890.006312
1287280.01179071
1282600.69637397
1277848.72083546
1273027.99504819
1268134.29164786
1263172.60108966
1258137.78296593
1253035.94096039
1247860.99275131
1242620.19146643
1237306.47888863
1231928.29856949
  1226477.575861
1220963.99203064
  1215378.407062
1209731.79557234
1204013.89243055
1198237.03227865
 1192389.7511201
1186485.82498848
1180512.49893263
1174485.09147077
1168389.44025113
1162242.53419688
1156028.65417113
1149766.62453104
1143438.97442067
1137066.58111853
1130629.96237702
1124152.34210255
1117611.87181813
1111034.53039608
1104395.60241996
1097724.41017188
1090992.63480425
 1084233.8297936
1077414.92788979
1070575.13732691
1063674.71927222
1056761.02146332
1049784.00473653
1042804.07207535
1035752.52599152
1028714.67258428
 1021572.5910129
1014467.63156092
999780.897024696
992512.713697347
985288.419233156
978170.240205865
971002.027783833
963876.340167458
956705.463593057
949561.784054856
942381.107272522
935222.447364173
 928034.18592481
 920866.44203221
913675.611669429
906505.527673725
899318.203847013
892152.285895549
884975.485394922
877820.907492332
870661.192984347
863525.045313641
856389.034061415
849278.276281907
842172.545286575
 835093.97470878
828024.998202287
820985.224852088
813959.329893372
806964.755638645
799988.088611774
793044.889191043
786123.389512015
779237.498974773
772376.878000929
765553.975347021
758759.699339768
752005.197258665
745282.473703556
738601.509356187
731955.276192145
725352.703987772
718787.621435058
712268.007751251
705788.452505432
699356.072289056
692966.133891772
686624.969066882
 680328.44828843
674082.187885279
667882.596967158
661734.638876069
655635.203488659
649588.657733703
643592.320508025
637650.013928578
631759.439423417
625923.921646777
620141.502614419
614415.053199611
 608742.91801563
603127.554647319
597567.575772634
592065.063384415
586618.866731339
581230.727439649
575899.702518155
570627.226251244
 565412.53697669
560256.792687424
555159.388737025
550121.236093706
545141.864705559
 540221.96616099
 535361.18427657
530560.017422491
 525818.20408117
521136.074202386
516513.443104251
511950.495854404
507447.108015862
503003.342144698
498619.118579463
 494294.39864939
490029.133015656
485823.202053378
481676.573216156
477589.065253073
473560.649718586
469591.102181515
465680.386368545
461828.252289924
458034.644610464
454299.304634542
450622.147363493
447002.921532259
443441.502453135
439937.661762653
436491.225582989
 433102.00330744
429769.762844156
426494.365631174
423275.512772555
420113.131520064
417006.847977321
413956.668507578
410962.136374357
408023.349927019
405139.762071774
402311.575643784
399538.145965234
396819.792530626
394155.766112282
391546.514761029
388991.177966834
386490.344007945
384043.034567086
381649.989646859
379310.106781547
 377024.28907446
374791.303731889
372612.228268817
370485.693525093
368412.962730419
366392.524442183
364425.838960052
362511.246748322
360650.416647025
358841.535306976
357086.491760854
355383.313202788
353734.120762884
352136.776601408
350593.646178723
 349102.42110185
347665.723803406
346281.069869529
344951.351843736
343673.903873279
342451.902343295
341282.494594933
340169.155281628
339108.839628167
338105.335793554
337155.401643838
336263.155017662
335425.151266233
334645.855160433
333921.614492421
333199.812428919