492.636966323348
492.637347455509
492.637650148983
492.637729378199
492.637648050715
492.637387992307
492.636953090576
492.636351517891
492.635574747163
 492.63463575342
492.633523611083
 492.63225150573
492.630808264078
492.629206331586
 492.62743474431
492.625505036774
492.623406545726
492.621149888204
492.618724713438
492.616140746462
492.613387942955
492.610475165308
492.607392665147
492.604148469709
492.600733114533
492.597153816326
 492.59340138163
492.589482238434
492.585387450659
492.581122676786
492.576679223812
492.572061997579
492.567262533175
492.562284998559
492.557121141229
492.551774404125
492.546236730737
492.540510850161
492.534588884671
492.528472859197
492.522155056742
492.515636806424
492.508910532988
492.501976876937
492.494828384761
492.487465014553
 492.47987941342
492.472070862406
492.464032086882
492.455761695515
492.447252468208
492.438502345385
492.429504136249
492.420255116725
492.410748098412
492.400979696242
492.390942695481
492.380633053492
492.370043498462
492.359169333695
 492.34800319734
492.336539742413
492.324771481643
492.312692421974
492.300294912691
492.287572319517
 492.27451678738
492.261121046493
492.247376993372
492.233276729517
492.218811855562
 492.20397385242
492.188753973668
492.173143089375
492.157132050869
492.140711129013
492.123870713353
492.106600489419
492.088890320735
492.070729323953
492.052106767269
492.033011217869
492.013431273848
491.993354975719
491.972770170803
491.951664399575
491.930024671558
491.907838058148
491.885090637221
491.861769046922
491.837858332279
491.813344739468
491.788212171572
491.762446530161
491.736030458807
491.708949568604
491.681185116941
491.652722486085
491.623541410815
 491.59362711453
491.562957662512
491.531518198435
491.499284959995
491.466243100409
491.432366859692
491.397641501008
491.362039083757
491.325545093679
491.288129212899
491.249777275754
491.210456375757
491.170152836524
491.128830935943
491.086477643603
491.043054178012
490.998548328897
490.952917993774
 490.90615197569
490.858204570507
490.809065808463
490.758686082806
490.707056887299
490.654124389983
490.599881808847
  490.5442707411
490.487286416041
490.428865489908
490.369005518944
490.307637822184
490.244762629291
490.180305498051
490.114269711713
490.046574610999
489.977226961113
489.906139333119
489.833322803603
489.758682679174
489.682232844821
489.603873891912
489.523620993725
489.441370438281
489.357138551951
489.270817353598
489.182424291135
489.091847135366
488.999104425227
488.904079721656
488.806792616448
488.707122520096
488.605090029885
488.500570488796
488.393585441904
488.284006273368
488.171855406824
488.057000404411
487.939464486268
487.819111559884
 487.69596554558
487.569886896706
487.440900121607
487.308862455839
487.173798866042
487.035563644955
486.894182068332
486.749505802618
486.601560261949
486.450194847598
486.295434917515
486.137128016683
485.975299225928
485.809794693908
485.640638974225
485.467677333712
 485.29093351642
485.110252480021
484.925656841033
484.736991882627
484.544278736379
484.347363711657
484.146266054042
483.940833870148
 483.73108407018
483.516867404016
483.298197943527
483.074930007845
482.847074268091
482.614489624071
 482.37718271765
482.135018132176
481.887997778177
481.635993123565
481.379000563377
481.116899756809
480.849680707486
480.577232686908
480.299538328489
480.016498061231
479.728086053879
479.434215573796
479.134851100104
478.829920568526
478.519377395848
478.203166181233
477.881227738383
477.553525509134
 477.21998597136
476.880593795905
476.535259171577
476.183990619536
475.826679831578
475.463362069595
475.093908024319
474.718382900011
474.336633535618
473.948758643065
473.554577949751
473.154227670064
472.747496673293
472.334563184083
471.915180882192
471.489575130294
471.057459377094
470.619112009722
470.174200332046
469.723062582858
469.265312921963
 468.80135745047
468.330748814468
467.853970500283
467.370503511955
466.880920210131
466.384617529581
 465.88227080119
465.373177394216
464.858133239674
464.336316447075
463.808666093716
463.274215427225
  462.7340762681
462.187102799919
461.634619672748
461.075254761842
460.510601957855
459.938994773766
459.362379647687
458.778692241076
458.190362594677
 457.59475921734
456.995020754575
456.387641055238
455.776907690766
455.157781008028
454.536777188117
453.905386209098
 453.27697489615
451.933664668656
451.257711743605
 450.58705423143
449.924949974048
449.254559411162
448.585363528268
447.908293727574
447.230671047109
 446.54588469447
445.859872383464
445.167302766991
 444.47321790612
443.773089425551
443.071282089264
 442.36399716776
441.654929586136
440.940881173892
440.225034797725
439.504657535442
438.782527480815
438.056283864562
437.328376110912
436.596748673764
 435.86357823736
435.127064634243
434.389154126518
433.648263721981
432.906142071661
432.161393364742
431.415594618776
430.667513166968
 429.91857533876
429.167692000395
428.416155955807
427.663005350341
426.909413731034
426.154532859573
425.399429046909
 424.64335603915
 423.88728316311
423.130556130562
422.374056128311
 421.61721211168
420.860824840051
420.104398843445
419.348661249133
418.593185356593
 417.83863070719
417.084633278734
416.331790457165
415.579795402476
414.829188266756
414.079714395167
413.331861204872
412.585421650524
411.840834560811
411.097936281897
410.357120905472
409.618264256461
 408.88171929343
 408.14739766903
407.415614604218
 406.68631415372
405.959777020708
405.235976431209
404.515161642047
403.797331988921
403.082708228262
402.371312891133
401.663341073333
400.958835715714
400.257969003314
399.560801614019
398.867485495897
398.178096490299
397.492768917769
396.811591296961
396.134682876029
   395.462142442
 394.79407668004
394.130592305015
393.471785910159
392.817769858342
392.168633089978
391.524491390078
 390.88542845896
390.251561325992
389.622970842623
388.999773147675
388.382048617781
387.769910404626
387.163440770792
386.562747818458
385.967918047147
385.379052477798
384.796244191324
384.219585123089
383.649177276346
383.085101521047
382.527471123103
381.976353929131
381.431876810179
380.894092651167
 380.36314427566
379.839067685955
379.322024013161
378.812030471548
378.309268865219
377.813735728777
377.325635918051
376.844943408535
376.371888502768
 375.90642074846
 375.44879830923
374.998944445793
374.557147619884
374.123302954344
 373.69773167227
373.280298915087
372.871361160477
372.470751731371
372.078864887269
371.695500301309
371.321092580475
370.955405922079
370.598917889432
370.251355382893
369.913241579295
 369.58426426573
369.264994943747
368.955080475799
368.655143459527
368.364788026783
368.084690709654
367.814411109563
367.554682605763
367.305018476765
367.066211944388
366.837728180829
366.620423337617
366.413712708454
366.218518563505
 366.03420456004
365.861762388952
365.700502331206
365.539302133068