1211391.04183455
1211389.66927579
1211418.82903244
 1211434.8550989
1211449.51320166
1211465.68821999
1211474.03262665
 1211486.7423188
1211490.60927184
1211499.15428379
1211498.99936031
1211503.29281857
1211499.26062553
1211499.33390863
1211491.48905696
1211487.38626697
1211475.76380385
1211467.51974379
1211452.13662608
1211439.77263576
1211420.63072125
1211404.15425753
1211381.24138125
1211360.64631658
1211333.93687333
1211309.20387051
1211278.65921625
1211249.75604863
1211215.32479464
1211182.20658965
1211143.82481077
1211106.43421721
1211064.02558347
1211022.29286696
1210975.76870475
1210929.61177592
1210878.87106342
1210828.19544296
1210773.12474372
1210717.82346766
1210658.29680565
1210598.25027394
1210534.12895269
1210469.20472327
1210400.33709146
1210330.38962193
1210256.61078718
1210181.48112563
1210102.61261801
1210022.12804421
1209937.97743053
1209851.95104854
1209762.31149845
1209670.54178132
1209575.19158578
1209477.46187281
1209376.16391542
1209272.24186247
1209164.74304396
1209054.38002686
1208940.41064292
1208823.34111407
1208702.61418656
1208578.55498489
 1208450.7655464
1208319.41516031
1208184.23949209
1208045.27727555
1207902.37209861
1207755.45744018
1207604.45905956
1207449.23050419
1207289.75390634
1207125.82823004
1206957.46613337
1206784.43737066
1206606.75922924
1206424.19765363
1206236.74861446
 1206044.1996722
1205846.49948632
1205643.48268387
1205435.02457198
1205221.03231793
1205001.28179129
1204775.77819364
1204544.17183145
1204306.59145147
1204062.53563602
1203812.28220031
1203555.15181176
1203291.59688438
1203020.73395736
 1202743.2155745
1202457.92791915
1202165.74918912
1201865.30897971
1201557.73665174
1201241.37898663
1200917.64199242
1200584.56342967
1200243.85140243
 1199893.2084761
1199534.67025229
1199165.57797517
 1198788.3200853
1198399.85044471
    1198002.9356
1197594.11605403
1197176.56163691
1196746.37361954
1196307.15018689
1195854.52763126
1195392.55744019
1194916.38533064
1194430.54089784
1193929.65386208
1193418.75656893
1192891.93752319
1192354.75627992
1191800.73514098
 1191235.9851245
1190653.43760391
1190059.77908524
1189447.32558214
1188823.36286074
1188179.56747132
1187523.84793463
1186847.21759787
1186158.23092379
1185447.21473744
1184723.39219052
1183976.38129488
1183216.09310433
1182431.43201186
1181632.92333865
1180809.01854535
1179970.44410942
1179105.54681014
1178225.08373912
1177317.36419144
1176393.13788397
1175440.70702839
 1174470.7862776
1173471.69838674
1172454.09620666
1171406.35042882
1170339.02565933
 1169240.5678479
1168121.42719711
1166970.15215555
 1165797.0526825
1164590.80686125
1163361.55892619
1162098.14360093
1160810.51431156
1159487.68927077
1158139.40645147
1156754.89421996
1155343.65092963
1153895.14155263
1152418.60117469
1150903.75758492
1149359.55951008
1147776.02349739
1146161.78941694
1144507.18821628
1142820.52903973
1141092.48254964
  1139331.005956
 1137527.1345948
1135688.45322211
1133806.38642381
1131888.12669566
1129925.51204167
1127925.32362331
1125879.83659971
1123795.40246954
1121664.75683221
1119493.80394705
1117275.76266992
1115016.07319456
1112708.45996765
1110357.88303083
1107958.59426649
1105515.05819683
1103022.07549388
1100483.60048015
1097895.00348645
1095259.71459749
1092573.69420233
1089839.83469275
1087054.70647169
1084220.65129032
1081334.86911585
1078399.13852498
 1075411.3082482
1072372.58145337
1069281.47455381
1066138.60323586
1062943.17032942
1059695.19196336
1056394.57605204
1053040.72689129
1049634.27623337
1046174.00383244
1042661.28430782
1039094.25945295
1035475.06629643
1031801.19421075
1028075.56298532
1024294.99367419
1020463.21035818
1016576.34796057
1012638.95802623
1008646.46903969
1004604.28540705
1000507.10565675
996361.215415745
992160.555642244
987912.325448545
983609.675392888
979260.755459225
974857.886328315
970410.212954402
965909.178151259
 961364.97476375
956768.108764871
952129.885476888
947439.800727533
942710.352481279
937929.934151499
933112.337587762
928244.735972894
923342.345298937
918390.965529472
913407.407874567
908375.896363303
903315.067511096
898207.294080682
893073.356261764
887893.389857314
882690.775003053
 877442.84850862
872176.274467902
866864.728114496
861539.246394042
856168.421879455
850789.550509574
845363.547869211
839937.682975728
834459.617086699
828995.735134527
823464.014742274
817989.178776712
806518.289726654
800819.440748158
795193.362652744
789666.496900154
 784098.16985079
778567.556798509
773000.034305121
767456.314457248
761882.702222889
756328.037452137
750749.544332682
745188.328880293
739608.485526052
734045.271785907
728468.927177393
722909.022701309
717340.808530306
711789.510721378
 706234.23559256
700696.777097585
695159.302063858
689640.820564503
684125.986871915
678631.504245798
673144.086828765
667678.492684227
662223.167533644
 656791.20524864
651372.525001036
645978.779540638
640601.154408753
635250.041638871
629917.724128849
624613.481519321
619330.554049927
614077.232727321
608847.597620661
603649.055752856
598476.427259805
593336.324756601
588224.222888447
583146.017396583
578097.763395932
573084.707557997
568103.420876898
563158.560814169
558247.157487276
553373.332457496
   548534.524769
543734.367942231
538970.665291389
534246.605580346
529560.316453596
524914.581329538
520307.816289084
515742.435510314
511217.111110425
506733.921287718
502291.764831197
497892.414752902
493534.969801782
489220.926441005
484949.558997505
480722.114124271
476538.019400435
472398.296723283
468302.506420829
 464251.46918461
460244.859209868
456283.318179428
 452366.61672228
448495.238485377
 444669.03439538
 440888.34992217
437153.101319717
433463.514720653
429819.557786002
426221.355214711
422668.913102746
419162.271755465
415701.463589421
412286.460757658
408917.310660305
405593.932798676
402316.378924902
399084.530701308
395898.434241368
392757.947541948
389663.101669938
386613.744536378
383609.883283819
 380651.36876591
377738.175805427
374870.170716512
372047.288045544
369269.421613711
366536.458133356
363848.330545987
361204.870534657
358606.061378581
356051.672865013
353541.749469369
351075.992514234
348654.518207628
346276.953107453
343943.495405671
341653.690837616
339407.829582721
337205.370713133
335046.706189361
332931.202773861
330859.363830629
328830.458338544
326845.110555965
324902.486356735
323003.340293732
 321146.72994809
319333.549519221
317562.743224458
315835.354257729
314150.208501928
312508.507535572
310908.954022394
309352.917406539
307838.972320758
 306368.66569818
304940.439389782
 303556.02763808
 302213.73481267
300915.492541425
299659.463055888
298447.785763825
297278.476139138
296153.892150656
295071.897928155
294035.081242849
293041.150326203
292092.934534757
291187.981682777
 290329.37512526
289514.497781244
288746.700145364
288023.195815989
 287347.61640678
286717.001839788
286088.530784411