 0.11063024423692
0.110592553708462
0.110562541209267
0.110554435946456
0.110562074501745
0.110587234638604
0.110629523933851
0.110688121919303
0.110763837922555
0.110855367862063
 0.11096374079844
0.111087620782812
0.111228045989106
0.111383742860121
0.111555714094078
0.111742766042966
0.111945857115821
0.112163874746571
0.112397731978246
0.112646395134962
0.112910732515685
0.113189786554838
0.113484381826018
0.113793634088224
0.114118325322676
0.114457641933127
0.114812324493158
0.115181627489118
0.115566251308772
 0.11596551606775
0.116380083223168
0.116809336163016
0.117253898701385
 0.11771321522552
0.118187873226823
0.118677375890465
0.119182275739111
0.119702132614878
0.120237465460695
0.120787888684113
0.121353889074282
0.121935133551705
0.122532078216991
0.123144440480132
  0.1237726472604
 0.12441646445313
0.125076291348473
0.125751940332843
0.126443784667874
0.127151681237462
0.127875978927376
0.128616577117007
0.129373802024917
0.130147593506676
0.130938256882545
0.131745770438746
0.132570420430889
0.133412221495291
0.134271442726056
0.135148132985171
0.136042546182887
0.136954763229699
0.137885024909423
0.138833441942235
0.139800244128204
 0.14078556968767
0.141789639670665
0.142812617408348
0.143854717531441
0.144916126003468
0.145997053469829
0.147097705949409
0.148218292646023
0.149359036948738
0.150520149280015
0.151701867595917
0.152904406321272
0.154128015047902
0.155372915117462
0.156639364687972
0.157927595070618
0.159237869771202
0.160570433269169
0.161925551040056
 0.16330348408435
0.164704496298587
0.166128868719447
0.167576859933713
0.169048774700354
0.170544862372027
0.172065455295886
0.173610789460557
0.175181228856225
0.176776991759851
0.178398478057863
0.180045883737709
0.181719649043345
0.183419942851856
0.185147250444101
0.186901708509855
0.188683852274645
0.190493780894522
0.192332084686436
0.194198819643155
0.196094636569732
0.198019542368981
0.199974253991874
 0.20195872301326
0.203973738460553
0.206019190016744
  0.2080959450008
0.210203824299292
0.212343780034672
0.214515557036793
0.216720199052939
 0.21895736722487
0.221228204068416
 0.22353227901921
0.225870840841069
 0.22824335884294
0.230651195865553
0.233093712251971
0.235572393112464
0.238086480549969
0.240637590515297
0.243224837145314
0.245849976195955
0.248511983643344
0.251212764422587
0.253951145667735
0.256729191296267
0.259545568397127
0.262402510211902
0.265298511544671
0.268235988460913
0.271213235918025
0.274232863338742
0.277293033709721
0.280396437056874
0.283541170420331
0.286729982329335
0.289960911851894
0.293236759914592
 0.29655551132613
 0.29992001421117
0.303328202768905
0.306782966867275
0.310282194010084
0.313828810001683
0.317420659866382
0.321060699167773
0.324746734985411
0.328481746081885
0.332263506461807
0.336095011130918
0.339974006240545
0.343903495675447
0.347881203324699
0.351910134166664
0.355987995806938
0.360117786097369
0.364297202745966
 0.36852922780921
0.372811555911067
0.377147144180237
0.381533691419739
0.385974120218641
0.390466141295158
0.395012632590207
0.399611324971827
0.404265041108643
0.408971540779298
0.413733580219295
0.418548957435184
0.423420350508077
 0.42834560557984
0.433327310268501
0.438363369386108
0.443456267160534
0.448603978278247
0.453808869995725
0.459068998794748
0.464386600683383
0.469759826630018
0.475190766372862
0.480677678889994
 0.48622249182681
0.491823586596512
0.497482712059978
0.503198387474836
0.508972165277537
0.514802719057965
0.520691386145939
0.526637012140364
0.532640699428202
 0.53870148461252
 0.54482021401411
 0.55099613570613
0.557229817374019
0.563520740678041
0.569869170463092
0.576274845958993
 0.58273770310055
0.589257764791074
0.595834609846043
0.602468573375283
0.609158846392641
0.615906107548141
0.622709126492989
0.629568960003494
 0.63648391943213
0.643455478072904
0.650481448057088
0.657563762075117
0.664699687369887
0.671891664242399
0.679136363686725
0.686436788228604
0.693788954361972
0.701196489201552
 0.70865468807093
0.716167874520006
0.723730545640004
0.731347804994251
0.739013261406292
0.746732896728894
 0.75449932508008
0.762319523548237
0.770184984071677
0.778103820009579
0.786066246225587
0.794081685021073
0.802138882874813
0.810248786103601
0.818398432074499
 0.82660056438213
0.834840201772861
0.843132240486487
0.851459272472337
0.859838821744645
0.868250498487653
0.876715111517255
0.885208505851431
0.893755722684532
0.902327682154107
0.910955100535563
 0.91960214538062
0.928307570756352
0.937025649747947
0.945807469507953
0.954591254992361
0.963449635290924
0.972289690828435
0.981232676395229
0.990089886000926
 1.00888375601603
 1.01827200645399
 1.02754315814819
 1.03665489408022
 1.04584032005546
 1.05497018309252
 1.06416889351031
  1.0733375088559
 1.08256606014979
 1.09177504569978
 1.10103660088636
 1.11028383593775
 1.11957765710523
 1.12886067906473
 1.13818374202374
 1.14749871865701
 1.15684823070804
 1.16619120025769
 1.17556391798074
 1.18493085333919
 1.19432326252305
 1.20371009663654
 1.21311850772972
 1.22252114514926
 1.23194174794644
 1.24135607088832
 1.25078496813884
 1.26020684024582
  1.2696400695936
  1.2790653386801
 1.28849888775482
 1.29792338806618
 1.30735320533927
 1.31677275954206
 1.32619476243423
 1.33560518342111
 1.34501526454193
 1.35441235707666
 1.36380638913662
 1.37318595134066
 1.38255979107739
 1.39191761574998
 1.40126710709102
 1.41059898285172
 1.41991995946203
 1.42922167170513
 1.43850995902039
 1.44777729067153
 1.45702870748779
 1.46625743955507
 1.47546779922481
 1.48465371113799
 1.49381882240933
 1.50295769214234
 1.51207335966817
 1.52116096364134
 1.53022298817898
 1.53925510093837
 1.54825927925537
  1.5572316729273
 1.56617379742557
 1.57508224094513
 1.58395809901306
 1.59279835712559
 1.60160373022574
 1.61037156226052
 1.61910222475871
 1.62779338317428
 1.63644510091472
 1.64505532961478
  1.6536238582444
 1.66214889066344
 1.67062997370777
  1.6790655306647
 1.68745489735624
 1.69579668467418
 1.70409004753318
 1.71233375342269
  1.7205268055895
 1.72866809779188
 1.73675651010824
 1.74479103279448
 1.75277045063056
 1.76069382105087
 1.76855986087312
 1.77636766575027
 1.78411591142405
  1.7918037030831
 1.79942970190239
  1.8069929941274
 1.81449225256238
 1.82192651616962
 1.82929449532117
 1.83659515343625
 1.84382726418437
 1.85098968720894
 1.85808128504038
 1.86510078529204
 1.87204716478959
 1.87891899079613
 1.88571537977014
  1.8924347101968
 1.89907626343624
 1.90563820062172
 1.91211999323946
 1.91851955631338
 1.92483657665667
 1.93106869420769
 1.93721583630134
 1.94327533856081
  1.9492473940462
 1.95512900454852
 1.96092065407728
 1.96661898075289
  1.9722247847884
 1.97773431043954
 1.98314869941376
 1.98846377151734
 1.99368103528415
 1.99879585505932
 2.00381013157775
 2.00871874224691
 2.01352400541883
 2.01822027958232
 2.02281032616066
 2.02728795219577
 2.03165638766703
  2.0359088550486
 2.04004907838142
 2.04406966180903
 2.04797484894592
 2.05175659114658
 2.05541967709953
 2.05895537015751
 2.06236902954859
 2.06565119459143
 2.06880782045546
 2.07182868550224
 2.07472036614612
 2.07747184189728
  2.0800903355764
 2.08256398888634
 2.08490069602223
 2.08708772076184
 2.08913365338735
 2.09117962056094