453127.252181518
453127.710544161
 453139.39152694
453145.595072509
453150.881176041
453156.283018859
453158.313903961
453161.556438417
453161.048541384
453161.880517155
453159.020697247
 453157.42054582
453152.273747965
453148.261573679
 453140.85901009
453134.456591385
453124.815128466
453116.037694067
453104.164372706
453093.019152972
453078.912452969
453065.398633611
453049.048986197
453033.157914209
453014.548006126
452996.263405438
452975.368395705
452954.666544518
452931.454223581
452908.304086496
452882.734987329
452857.098303734
452829.125769655
452800.957101148
452770.527313697
452739.774053264
452706.826022829
452673.428368137
 452637.89388956
452601.784782376
452563.588357448
452524.693390885
452483.752119274
452441.989414277
452398.212854236
452353.492906492
452306.782906429
452259.008404658
452209.258906459
452158.324522891
452105.421337739
452051.213491412
451995.034048675
451937.430642066
451877.843711739
451816.713841124
451753.579230195
451688.782870079
451621.951093102
451553.338754947
451482.650679083
 451410.06304455
451335.349509252
451258.617038129
451179.698449653
451098.640962625
451015.326863539
450929.753099961
450841.841713833
450751.548864697
450658.826616164
450563.599832486
450465.840842987
 450365.45271989
450262.418279377
450156.628316243
450048.066331296
449936.620368452
449822.264787339
449704.894419855
449584.464635176
449460.886604513
449334.086834285
449204.002398684
449070.521046835
448933.615331554
448793.124329053
448649.065657753
448501.219785827
 448349.65899468
448194.095191814
448034.664928183
447871.001582925
447703.315590773
447531.151822669
447354.804217197
447173.719148564
446988.283682971
  446797.8357046
446602.865032262
446402.591066583
446197.616002402
  445987.0307681
445771.559553273
445550.154835883
445323.672410851
 445090.91634437
 444852.88363529
444608.220000441
444358.073225121
444100.920770536
443838.070770394
443567.822563619
443291.654168936
443007.676984852
442717.548421257
442419.182176237
442114.424521117
441800.981761984
441480.898460261
441151.663917848
440815.530367342
440469.760585283
440116.823802673
439753.746852795
439383.225231953
439002.040528458
438613.123703735
438213.001929295
437804.850756156
437384.933918405
 436956.68056027
436516.082328057
 436066.82973364
435604.639965618
435133.439410639
434648.766393736
 434154.62705995
433646.515951275
433128.452399613
432595.913381294
 432052.91711781
431494.934757718
 430925.97319382
 430341.50843037
429745.526201166
429133.518001569
428509.438704409
427868.805950838
427215.534173899
426545.177833127
425861.601479187
425160.407073791
424445.399993264
423712.240388807
422964.665335514
422198.403856594
421417.115778295
420616.609664608
419800.459338387
418964.563549874
418112.401570223
417239.972947941
416350.654072721
415440.555859222
414512.943715638
413564.050435393
412597.022584666
 411608.22528144
410600.678636999
 409570.89046103
408521.747050787
407449.909184188
406358.122242857
405243.210146888
404107.770519305
402948.800482012
401768.743313151
400564.779270502
399339.190952321
398089.351550296
396817.376889824
395520.842749167
394201.692316345
392857.713455762
391490.671063681
 390098.57443147
 388683.00469577
387242.201754079
385777.557672612
384287.551973032
382773.382461471
381233.777145518
379669.734459627
378080.239613001
376466.086583788
374826.526369236
373162.143373447
371472.462863779
369757.854449174
368018.126079588
366253.427162366
364463.856719858
362649.338270551
360810.270337989
358946.344472222
357058.267245691
355145.491637526
353209.041038005
 351248.12257612
349264.085580409
347255.883191233
345225.200312481
343170.726879526
341094.493734719
 338994.91704964
336874.384960093
334731.027648381
332567.603229674
330381.941602077
328177.185312145
325950.847101559
323706.470729909
 321441.23168209
319159.094779844
316856.874073992
314538.979344236
312201.833825027
309850.321517155
307480.438720968
305097.580103828
302697.270054951
300285.460086419
297857.145817134
295418.895191786
292965.101890053
290503.028751466
288026.371334317
285543.193126648
283046.361816366
280544.888119056
278030.631121414
275513.759105547
272984.860388096
270455.576427101
267914.823809316
265376.219883733
262826.350627349
260281.680346368
257725.263680469
255178.127394538
252617.216313426
250072.342792367
247506.751027026
244977.155561204
239687.413401552
237071.786682783
234500.869034416
231986.230833197
229463.709285608
226969.183951125
224469.007828314
221990.484755257
219509.640729614
217048.249005152
214587.384225848
212145.201593616
209705.953098512
207285.060743784
204869.579628115
202472.313070475
200082.581809584
197711.191504216
195349.194875441
193005.822905492
190673.492656252
188360.161218526
186059.345387723
183777.950106389
181510.394717458
179262.700432329
177030.038023884
174817.676139949
172621.418471951
170445.885482126
168287.419033409
166150.076029135
164030.659512475
161932.732576691
 159853.49600653
157796.077414461
155758.022426215
153742.072590111
151746.073800561
149772.423897019
147819.231147189
145888.586365171
143978.827718009
142091.771064393
140225.956448809
 138382.95304724
136561.478452767
134762.880271208
132986.032406539
131232.083349293
 129500.04468492
127790.885986116
126103.740107136
124439.415964584
122797.153165057
121177.616555982
119580.139611262
118005.258234554
116452.388292947
114921.950586149
113413.433126195
111927.154309357
110462.665113959
109020.193216677
107599.344320156
106200.266152389
104822.611721468
103466.458753168
102131.500867588
100817.754986511
99524.9492897119
98253.0484111444
97001.8096058861
95771.1531122048
94560.8602803517
93370.8142723993
92200.8160021838
91050.7183482897
89920.3376562209
88809.5028283392
87718.0418665496
86645.7655563814
85592.5100995394
84558.0736106619
83542.2973196726
82544.9717345943
81565.9401971273
80604.9903208374
79661.9648712749
78736.6529552507
77828.8942789829
76938.4835318141
76065.2550608844
75209.0129535792
74369.5840625326
73546.7854383622
 72740.434450861
71950.3644511533
71176.3814693878
70418.3382880679
69676.0278583527
68949.3253393386
68238.0089685256
67541.9790612285
66860.9975996714
66194.9926889548
65543.7085968624
64907.1037248431
 64284.903239846
63677.0982379282
63083.3934627259
 62503.815013311
61938.0459433524
61386.1495917712
60847.7861040033
60323.0582422996
59811.6020672176
59313.5619127933
58828.5486135215
58356.7502071435
57897.7511907494
57451.7854399891
57018.4100280358
56597.9068243036
56189.8044119388
55794.4348516213
55411.2971868833
55040.7759297071
54682.3395477522
  54336.42734888
54002.4761994141
53680.9826556031
53371.3509660586
53074.1375209333
52788.7129429342
52515.6962016988
 52254.423294207
52005.5787049048
 51768.462815069
51543.8287815224
51330.9403924432
51130.6228928842
50942.1025178102
50766.2803151162
50602.3440305289
50439.0732062068