 2.56769593011794
 2.56769455444824
 2.56775759049321
 2.56779191753767
 2.56782271955994
 2.56785604070736
 2.56787208277178
   2.567896728411
 2.56790194828756
 2.56791645200182
 2.56791184067487
 2.56791603512289
 2.56790191576472
 2.56789588025978
 2.56787240056002
  2.5678562365806
 2.56782347645087
 2.56779726098544
 2.56775525723486
 2.56771903412818
 2.56766778703358
 2.56762156627411
  2.5675610420381
 2.56750480054409
 2.56743493267117
  2.5673686152105
 2.56728930547032
 2.56721282543799
 2.56712394457492
 2.56703718458308
 2.56693857281936
 2.56684138510228
 2.56673285245616
 2.56662505910087
 2.56650638553395
 2.56638777854731
 2.56625871395184
 2.56612905517373
 2.56598931920933
 2.56584834007996
 2.56569762186724
 2.56554502305541
 2.56538298073288
 2.56521843163109
 2.56504469178079
 2.56486782987157
 2.56468198681783
 2.56449241691561
 2.56429403190063
 2.56409132527214
 2.56387992551138
 2.56366361887734
 2.56343869649723
 2.56320829091732
 2.56296930177722
  2.5627242614202
 2.56247062382025
 2.56221037462032
 2.56194146789635
   2.561665396097
 2.56138055910349
 2.56108800968949
 2.56078653917132
 2.56047681418939
 2.56015796304298
 2.55983031981169
 2.55949329523587
 2.55914694444516
 2.55879090598234
 2.55842500968282
 2.55804906715087
  2.5576627366336
 2.55726594794885
 2.55685824151588
 2.55643961040798
 2.55600953103457
 2.55556800465421
 2.55511449754352
 2.55464896396406
 2.55417091399595
 2.55368019961069
 2.55317642868613
  2.5526592955034
 2.55212855978713
 2.55158370262583
 2.55102468969017
 2.55045073327926
 2.54986205915283
 2.54925755513912
 2.54863776126529
 2.54800118513464
  2.5473487352453
 2.54667848316366
  2.5459917600753
   2.545286145657
 2.54456344799699
 2.54382069900929
  2.5430602378822
 2.54227849289632
 2.54147838850118
 2.54065569350199
 2.53981397171347
 2.53894827668139
 2.53806286560958
  2.5371520210907
 2.53622074763609
 2.53526250131824
 2.53428308774118
 2.53327508105594
 2.53224514158141
 2.53118490635487
  2.5301019438367
 2.52898689901376
 2.52784830168449
 2.52667575015466
 2.52547878849034
 2.52424591404563
 2.52298773777772
 2.52169160223628
 2.52036923754572
 2.51900677807783
 2.51761712500971
 2.51618515170617
 2.51472498184648
  2.5132201755723
 2.51168613003162
 2.51010504061163
  2.5084936283637
 2.50683267315072
 2.50514026977199
  2.5033957326784
 2.50161857939588
 2.49978661123251
 2.49792081007203
  2.4959974530103
 2.49403883337349
 2.49202025364679
 2.48996444050301
 2.48784646740794
 2.48568912860698
 2.48346741264842
 2.48120410069278
 2.47887416137403
 2.47650030429097
 2.47405753726087
 2.47156844190961
 2.46900812390027
 2.46639898112836
 2.46371627568552
 2.46098216660734
 2.45817213089908
 2.45530803430908
 2.45236562709686
 2.44936642808118
 2.44628651892099
 2.44314701873203
 2.43992439846856
 2.43663932572281
 2.43326871833492
 2.42983274158924
 2.42630881743879
 2.42271655919323
  2.4190339497221
 2.41528000188956
 2.41143331580068
 2.40751225667365
 2.40349609762163
  2.3994025103554
 2.39521149616032
 2.39093998877928
 2.38656877216395
 2.38211399908318
  2.3775572899191
 2.37291397495784
 2.36816656398852
 2.36332952483467
 2.35838630882732
 2.35335048289354
 2.34820649115056
 2.34296696274264
 2.33761738488421
 2.33216941358121
 2.32660962848878
 2.32094867861263
 2.31517428440082
 2.30929605543052
 2.30330290029277
 2.29720335805538
 2.29098757180523
   2.284662980253
 2.27822100636112
 2.27166795972146
 2.26499658762604
 2.25821204268948
 2.25130844013698
 2.24428974842746
 2.23715149358141
 2.22989643313457
 2.22252154617269
 2.21502835263076
   2.207415326536
 2.19968272325409
 2.19183055349318
 2.18385778034005
 2.17576599311543
 2.16755283364436
 2.15922151240051
 2.15076831906179
 2.14219812892794
  2.1335058459943
 2.12469805585044
 2.11576823973105
 2.10672474159516
 2.09755957822207
 2.08828290367295
 2.07888522265628
 2.06937855602974
 2.05975184129385
 2.05001902941996
 2.04016742605138
 2.03021298433858
 2.02014130139692
 2.00997041611606
 1.99968412517801
 1.98930265185815
 1.97880788107996
 1.96822233900189
 1.95752586248998
 1.94674342535961
 1.93585264762359
 1.92488113063848
 1.91380406584669
 1.90265190955917
   1.891397155192
 1.88007340686781
 1.86865011110345
 1.85716440477275
 1.84558222641132
 1.83394476371593
 1.82221382235937
 1.81043535809489
 1.79856616996094
  1.7866580100878
  1.7746613994571
 1.76263542860265
 1.75052239129657
 1.73839117170805
 1.72617262782688
 1.71394969075462
 1.70163592841139
 1.68933669456686
  1.6769356858318
 1.66458129711442
 1.65209030002811
 1.63974258150145
 1.61388745871595
 1.60106146053924
 1.58841668845859
  1.5760117798604
 1.56353075189751
 1.55115108929593
 1.53870577293538
 1.52633057704274
 1.51390568855836
 1.50154003595398
  1.4891384383727
 1.47679231275795
  1.4644219777718
  1.4521056121461
 1.43977733812239
 1.42750252274989
 1.41522651275845
 1.40300489103349
 1.39079162460832
 1.37863457286003
 1.36649452864123
 1.35441309176942
 1.34235658871547
 1.33036143772903
 1.31839853513677
 1.30649993525657
 1.29464036472971
 1.28284814976303
 1.27110126630385
 1.25942481757244
 1.24779956321929
 1.23624779231944
 1.22475266873794
 1.21333400380505
 1.20197705175106
 1.19069942705245
 1.17948821142414
 1.16835906015395
 1.15730065978862
 1.14632690994576
 1.13542791156435
 1.12461598478478
  1.1138824806294
 1.10323829382812
  1.0926758826218
 1.08220485228391
 1.07181864319172
  1.0615256921372
 1.05132031143873
 1.04120987787433
 1.03118947807768
 1.02126552674039
 1.01143379788167
  1.0016998330734
0.992060015956823
0.982519096267419
0.973073997411087
0.963728751927563
0.954480759989373
0.945333405792346
0.936284509260605
0.927336870014333
0.918488675958303
0.909742201408041
0.901095955094853
0.892551741294199
0.884108346490865
0.875767156592171
0.867527196383987
0.859389481836127
0.851353239806107
0.843419161816267
0.835586643443843
0.827856094572587
0.820227048723635
0.812699674495759
0.805273614890001
0.797948835316874
0.790725061872479
0.783602092794935
0.776579712763923
0.769657586937872
0.762835535759276
0.756113123619185
0.749490185430026
0.742966215477951
  0.7365410432347
0.730214122014771
0.723985257190052
0.717853888819976
0.711819780651073
0.705882385893658
0.700041410170435
0.694296345038659
0.688646822429121
0.683092396328824
0.677632610250935
 0.67226710367506
0.666995317732958
0.661816999530605
0.656731474542886
0.651738618795859
0.646837629452685
0.642028532000935
0.637310383195482
0.632683377861764
0.628146420750498
0.623699895323165
0.619342543177878
0.615074955219445
0.610895699142979
0.606805591701188
0.602803016288146
0.598889033595694
0.595061832628648
0.591322735887034
0.587669728168788
 0.58410441152281
0.580624556957012
0.577232063778124
 0.57392447982194
0.570704019430501
0.567567998056242
0.564518963027646
0.561553988346401
0.558675972562358
0.555881739278774
0.553174556902236
0.550550989789382
0.548014695363581
 0.54556196996958
0.543196879865454
0.540915444689901
0.538722160155155
0.536612760563512
0.534592192657778
0.532655896836302
0.530809293576877
0.529047520875698
0.527376496964913
0.525791049023107
0.524297618577951
0.522890713682671
0.521577326455157
0.520351637660109
0.519130261533373