 0.0123889587593995
 0.0123927970380757
 0.0123956966317572
 0.0123966552933466
 0.0123956953947132
 0.0123928438254108
 0.0123881236392108
 0.0123815622979235
 0.0123731834681453
 0.0123630151066851
 0.0123510814263571
 0.0123374108050455
 0.0123220279376017
 0.0123049615523167
 0.0122862367642834
 0.0122658825847059
  0.012243924489467
 0.0122203917082868
 0.0121953100206882
   0.01216870881353
 0.0121406141150854
 0.0121110554109182
 0.0120800589253813
 0.0120476541871777
 0.0120138675662476
  0.011978728581661
 0.0119422637005896
 0.0119045023824191
  0.011865471145293
 0.0118251993415097
 0.0117837134959796
 0.0117410428090879
  0.011697213770322
 0.0116522553858344
 0.0116061940694734
 0.0115590585932773
 0.0115108752571731
  0.011461672561572
 0.0114114766560908
 0.0113603157343033
 0.0113082157609808
 0.0112552045898839
 0.0112013079682177
 0.0111465533791234
  0.011090966321293
 0.0110345738785484
 0.0109774012718563
 0.0109194751590602
 0.0108608204558853
 0.0108014633695172
 0.0107414284845799
 0.0106807415348387
 0.0106194267495745
 0.0105575093682267
 0.0104950132420702
 0.0104319630971097
 0.0103683823854922
 0.0103042953024166
 0.0102397248812824
 0.0101746947707916
 0.0101092275674416
 0.0100433463593688
0.00997707328944034
0.00991043087272542
0.00984344078312222
0.00977612495164203
0.00970850456922734
0.00964060097329794
0.00957243485916882
 0.0095040269625381
0.00943539747169962
0.00936656651385039
0.00929755376011108
0.00922837872369731
0.00915906054960976
0.00908961813285068
0.00902007008452317
0.00895043467838242
0.00888072998498978
0.00881097365496889
0.00874118321279311
0.00867137568517107
0.00860156804600445
0.00853177669835709
  0.008462018062103
0.00839230791793847
0.00832266212924687
 0.0082530958565957
0.00818362440537318
0.00811426231917345
0.00804502434480953
0.00797592441293029
0.00790697671208408
0.00783819456483216
0.00776959160262583
0.00770118054558362
0.00763297447005124
0.00756498550009516
0.00749722615973787
0.00742970798408961
0.00736244294839032
 0.0072954420065551
0.00722871658930813
0.00716227707775672
 0.0070961343630701
0.00703029826252323
0.00696477913335369
0.00689958623853015
  0.006834729407613
0.00677021735930474
0.00670605940234319
0.00664226372168308
0.00657883911266384
0.00651579323745397
0.00645313438595805
 0.0063908697089289
0.00632900699930911
0.00626755290818191
0.00620651474048056
0.00614589865970756
0.00608571149219017
0.00602595892625001
0.00596664731943336
0.00590778189756052
0.00584936855961518
 0.0057914120818453
0.00573391791525555
0.00567689039967025
0.00562033454903613
 0.0055642542800935
0.00550865418096237
0.00545353775880141
0.00539890918741834
0.00534477157842075
0.00529112870228961
0.00523798358952561
0.00518533901867478
0.00513319795877593
0.00508156279762494
0.00503043616091662
0.00497982006064229
0.00492971679057633
 0.0048801280018792
0.00483105566796463
0.00478250109413874
0.00473446594512819
0.00468695119533964
0.00463995821257796
0.00459348765525978
0.00454754060610353
0.00450211742237681
0.00445721891359573
0.00441284515062914
0.00436899668170283
0.00432567330592495
0.00428287532215038
0.00424060227223156
 0.0041988542175592
0.00415763045708189
0.00411693082660055
0.00407675439633933
0.00403710078833212
0.00399796885806694
0.00395935802556295
0.00392126694535133
0.00388369484709995
0.00384664019793619
0.00381010204873319
0.00377407869252488
 0.0037385690128218
0.00370357114161621
0.00366908380634663
0.00363510499074184
0.00360163327730064
0.00356866651397841
0.00353620314929214
 0.0035042409076121
0.00347277811424107
0.00344181238183766
0.00341134192305248
0.00338136425037867
0.00335187747415626
0.00332287901792024
0.00329436689980674
0.00326633846524994
0.00323879165003997
0.00321172373200719
0.00318513257419143
 0.0031590153969461
0.00313336999988118
0.00310819355562091
0.00308348380937815
0.00305923789540818
 0.0030354535132597
0.00301212776778396
0.00298925832128723
0.00296684225777913
0.00294487721042298
0.00292336025054024
0.00290228898991798
0.00288166049492808
0.00286147236340528
0.00284172166409041
0.00282240598793751
0.00280352241295012
  0.002785068529912
0.00276704143255441
0.00274943871783152
0.00273225750123519
0.00271549539185307
0.00269914953253551
0.00268321755008168
0.00266769661986119
0.00265258439157086
0.00263787807782155
 0.0026235753559957
0.00260967348022758
0.00259617015996923
0.00258306269472036
0.00257034882997735
0.00255802591400727
0.00254609173191175
0.00253454368368783
 0.0025233795971853
0.00251259692665576
0.00250219354541854
0.00249216696406823
0.00248251510369058
0.00247323553287792
0.00246432622235234
 0.0024557847999279
0.00244760928740431
0.00243979737261414
0.00243234712944598
0.00242525630612464
 0.0024185230292082
0.00241214510726901
0.00240612071968455
0.00240044773491668
0.00239512438488213
0.00239014859706669
0.00238551865521704
0.00238123254457605
0.00237728859958388
0.00237368486157898
0.00237041971413358
0.00236749125263299
0.00236489790779815
0.00236263782663304
0.00236070948460558
0.00235911107753908
0.00235784112283262
0.00235689786196712
0.00235627985104767
0.00235598537369814
 0.0023560130211007
0.00235636111516425
0.00235702827812142
0.00235801286597536
0.00235931352759167
0.00236092864855482
 0.0023628568995624
 0.0023650966909565
0.00236764671009026
0.00237050538694064
 0.0023736714199732
0.00237714325339021
0.00238091959086923
0.00238499906535508
0.00238938001908772
0.00239406126463698
0.00239904114296878
0.00240431845643348
0.00240989153837087
0.00241575917413699
0.00242191968236524
0.00242837182459698
0.00243511389744741
 0.0024421446315489
0.00244946229397161
0.00245706557708328
0.00246495271068377
0.00247312234127266
0.00248157265347321
0.00249030224007931
0.00249930923246796
0.00250859216167056
0.00251814909760311
0.00252797850127366
0.00253807837279607
0.00254844709470619
 0.0025590825888673
0.00256998315072288
0.00258114661534948
0.00259257118232403
0.00260425459133261
0.00261619493717544
 0.0026283898554972
0.00264083732729408
0.00265353487549219
0.00266648035815852
 0.0026796711768186
 0.0026931050574074
0.00270677927138478
0.00272069140329406
0.00273483858590343
0.00274921825306964
0.00276382739030506
0.00277866327147189
0.00279372272634735
0.00280900285950107
 0.0028245003366041
0.00284021208366918
 0.0028561345940223
0.00287226460591306
0.00288859843224001
0.00290513261436664
0.00292186327686277
0.00293878675519198
0.00295589897790027
0.00297319606567338
0.00299067374357001
0.00300832790878331
0.00302615407567877
0.00304414790943361
0.00306230470679778
 0.0030806198926296
0.00309908853945148
0.00311770582374975
0.00313646658754458
0.00315536575117767
0.00317439792025672
0.00319355775151788
0.00321283960863842
0.00323223787763158
0.00325174667514652
0.00327136010973266
0.00329107204636203
0.00331087630978928
0.00333076650913767
0.00335073617948049
0.00337077867042707
0.00339088722196215
0.00341105492105187
0.00343127470770072
0.00345153940366795
0.00347184164463825
0.00349217398519599
0.00351252875295628
0.00353289823398667
0.00355327444471098
 0.0035736494019948
0.00359401480861634
0.00361436241224179
0.00363468360025675
0.00365496985184976
  0.003675212238015
0.00369540197093583
0.00371552980500604
0.00373558668765894
0.00375556305731144
0.00377544959971679
0.00379523643881424
0.00381491400259438
0.00383447210293806
0.00385390091487076
0.00387318994159923
0.00389232911089463
0.00391130762168487
0.00393011516114424
0.00394874062937482
0.00396717348059163
0.00398540232262941
0.00400341638539556
 0.0040212039921699
0.00403875415825217
0.00405605493128296
0.00407309512273693
0.00408986251478478
0.00410634572697591
0.00412253228748533
0.00413841063698914
0.00415396806249764
0.00416919284005294
0.00418407202974142
0.00419859375843318
 0.0042127448749951
0.00422651337384551
0.00423988590985468
0.00425285036300348
0.00426539321296251
0.00427750224461968
0.00428916378287348
0.00430036553822981
 0.0043110937029308
0.00432133593521417
0.00433107831852799
0.00434030848239524
0.00434901242713817
0.00435717777859498
0.00436508104099672