614.780890540461
614.781841800215
614.782597287023
614.782795033772
614.782592049994
  614.7819429752
614.780857513075
614.779356061984
614.777417340937
614.775073735939
614.772297980578
614.769122987063
614.765520871682
614.761522700049
614.757101111889
614.752284899864
 614.74704745517
614.741415281168
614.735362549985
614.728913539299
614.722043187148
614.714773618855
 614.70708051221
614.698983908833
614.690460196293
614.681527394042
614.672162567278
614.662381767804
614.652162704522
614.641519509643
614.630430500163
614.618907930921
614.606930689714
614.594509190973
614.581622854272
614.568280285907
614.554461396374
614.540173011904
614.525395491117
614.510133904529
614.494369013984
614.478104155356
614.461320446507
614.444019506884
614.426182760656
614.407810126599
614.388883282696
 614.36940046074
614.349343536976
614.328709068214
614.307479070028
 614.28564843493
614.263199255158
614.240124768675
614.216407077609
614.192037774566
614.166998900254
614.141280410967
614.114864209704
614.087738625746
 614.05988534263
614.031291072624
614.001937192063
 613.97180880737
613.940886893406
613.909154963572
613.876593489855
 613.84318440766
613.808907576946
 613.77374337293
613.737670925954
613.700669072267
613.662716085876
613.623789289373
 613.58386596381
613.542921948288
613.500933383561
613.457874661064
613.413720622357
 613.36844425357
613.322018925679
613.274416269393
613.225608000249
613.175564451978
613.124255485327
613.071650205194
613.017716402584
612.962422032656
612.905732584936
612.847614956237
 612.78803208484
612.726949914371
 612.66432856273
612.600133140862
 612.53432065638
612.466855525134
612.397691332251
   612.326791955
612.254107219951
612.179600643259
612.103217931278
612.024922439644
611.944655365458
611.862380129903
611.778033002505
611.691577724059
611.602945186871
611.512099736147
611.418966403888
611.323510458145
611.225650551805
611.125353231006
611.022530212597
610.917149716207
610.809115925072
610.698399171507
610.584895464236
 610.46857773509
610.349333131236
610.227137722634
610.101869058719
609.973506942369
609.841918536838
609.707088033587
609.568871365655
609.427257834612
609.282091240161
609.133366786685
608.980915174649
608.824738380785
 608.66465297356
608.500668655406
608.332586753623
608.160425769442
607.983970442322
607.803250140721
607.618031815776
607.428351983673
607.233966162974
 607.03491425873
606.830941407743
606.622090584697
606.408096659925
606.189005617111
605.964542145101
605.734755179958
605.499359358636
605.258406495546
605.011601360247
604.758998550291
  604.5002932129
604.235542609695
603.964432576738
603.687022893939
 603.40299046926
  603.1123974253
602.814912202879
602.510599058431
602.199118510728
601.880536704171
601.554506871197
601.221096757149
600.879953041154
600.531144736768
600.174312807082
599.809527150427
599.436423962538
599.055073586867
598.665108519273
598.266599046385
597.859175158133
597.442906513381
597.017421924463
596.582789775161
596.138639171151
595.685036489253
595.221612750628
594.748431499622
594.265127455233
593.771760400119
593.267970703164
592.753813341229
592.228936464957
591.693389073896
591.146829422991
590.589299221566
590.020469353896
589.440372769055
588.848695721111
588.245460754035
587.630372462008
587.003441144171
 586.36439295122
585.713223880078
585.049685118963
584.373756061478
 583.68521670032
582.984027251071
582.270000588732
581.543074868007
 580.80310026428
580.049989640213
579.283635264873
578.503921082423
577.710786666162
576.904082964614
576.083802533986
575.249758733567
574.402003311398
573.540306848691
572.664787100934
571.775165991981
570.871634801799
 569.95386011106
569.022115061052
568.076003253826
567.115888997808
 566.14130415314
565.152714659864
564.149570520425
 563.13245117321
562.100713007862
561.055062546459
559.994748800105
558.920621094603
557.831804798029
556.729310449661
555.612120358725
554.481428130059
553.336049557735
552.177387646345
551.004062940609
549.817720129071
548.616748730615
547.403075477054
546.174813455715
  544.9342230449
543.679081946637
542.412051926606
541.130496629034
539.837570969819
538.530115961133
537.211908833249
535.879111682526
534.536314857721
533.178764013744
531.812162874477
530.430452238587
 529.04096484279
 527.63563133622
526.224422779851
524.795748825901
523.364694127912
521.911706150252
520.467580580948
517.387285398812
515.840740262882
514.308598509205
512.798232329353
511.271226626382
509.749213007866
508.211600050756
506.675056899763
505.124633120679
503.573815816641
502.010593487731
500.446389125143
498.871037443937
497.294400556597
495.707982709897
494.120110460866
492.523658388732
490.925779399532
489.320407664875
487.713768565205
 486.10064194549
484.486500299572
482.866815246539
481.246434786149
479.621407613965
477.996054426855
476.366913020321
474.737852189091
473.105829706824
471.474322204542
469.840652002908
468.207951773673
466.573863137233
464.941214339483
463.307928786785
461.676563197335
460.045291228448
458.416425812931
456.788364019158
455.163198676783
453.539527163757
451.919242654087
450.301122747336
 448.68687880557
447.075451018116
445.468384663692
443.864766911363
442.265990952947
440.671277006617
439.081878744823
437.497136910708
435.918177038288
434.344449058372
432.776960756156
431.215260921253
429.660249146795
 428.11156361472
426.570004579507
425.035290890782
423.508131720833
421.988318504056
420.476477077987
418.972463936841
417.476828894781
415.989486468389
 414.51091738464
413.041087572896
411.580415284874
410.128911630262
408.686938716032
407.254546933486
405.832048330097
 404.41952697653
 403.01725073138
401.625332006704
400.244000154309
398.873390826021
397.513700382747
396.165082826503
 394.82770689619
393.501740245189
392.187329228952
 390.88465062545
389.593833529446
388.315059472265
387.048445307737
385.794173090213
384.552352360762
383.323161594275
382.106707865907
 380.90316208481
379.712633635132
378.535281979685
377.371223523248
376.220602497923
375.083546985651
373.960182291076
372.850652782517
371.755061220187
370.673572828223
369.606264278038
368.553326186685
367.514805658407
366.490923215327
365.481692976055
364.487369862477
 363.50793164337
362.543672125253
361.594529411895
360.660840677373
359.742501089412
358.839895678844
357.952873445949
357.081871782388
356.226690324974
355.387823354186
354.565017978853
 353.75882992985
352.968950651433
352.196001930282
351.439616434109
350.700486665586
349.978183425625
  349.2734746597
348.585866230828
347.916206333424
347.263932838481
346.629979088571
346.013711923828
345.416154842218
344.836600628285
 344.27616806693
343.734072876008
343.211534400974
342.707688295607
342.223859901005
341.759101824255
341.314851020224
340.890074083688
340.486325408032
340.102482630169
339.740223639462
339.398334194416
339.078621999929
338.779778047213
338.481176701596