54.5005479044876
54.4820223072677
54.4672704958335
54.4632862973495
54.4670403461478
54.4794064176541
54.5001915926334
54.5289925386931
54.5662069561796
54.6111937680386
54.6644586226023
54.7253447406515
54.7943621972474
54.8708848434226
54.9554052652355
 55.047336556122
55.1471494810771
55.2542969535723
55.3692273878066
55.4914324403863
55.6213384796725
55.7584745386386
55.9032454395307
56.0552162213034
56.2147707157529
56.3815086487866
56.5557934426162
56.7372582482447
56.9262466771515
57.1224240964453
 57.326114921859
57.5370155743849
57.7554319046836
57.9810902660091
58.2142785904087
 58.454752076474
 58.702781400304
58.9581495479857
59.2211106192184
59.4914743534727
 59.769478971382
60.0549599502942
 60.348140347993
60.6488803778696
60.9573886712385
61.2735491845952
61.5975568807737
 61.929318470681
62.2690160298666
62.6165780346599
62.9721744794685
63.3357546122886
63.7074771793512
64.0873111973852
 64.475405026236
64.8717464348746
65.2764742895016
65.6895940769241
66.1112360956293
66.5414224935786
66.9802759630263
67.4278342297516
67.8842133792724
68.3494656007918
68.8237014131813
69.3069863191634
69.7994263543335
70.3010991450172
70.8121073729743
71.3325395536347
 71.862496193332
72.4020754128737
72.9513767735505
73.5105066638623
74.0795649855209
 74.658664998254
75.2479082879517
75.8474135254053
76.4572853860499
77.0776464228511
77.7086058711856
78.3502885634433
 79.002809833892
79.6662951124891
80.3408674435212
81.0266510881837
81.7237784878155
82.4323708785661
83.1525718655947
 83.884497708169
84.6283050256972
85.3841030474559
 86.152063345222
86.9322859580667
87.7249594400663
88.5301723668199
89.3481324006667
 90.178914261357
 91.022746945804
 91.879688800262
92.7499924872808
93.6336973304442
94.5310820982486
95.4421643045556
96.3672513779545
 97.306336091226
98.2597572057001
99.2274796709133
100.209876376846
101.206881210257
102.218904113787
103.245844507905
104.288152444947
105.345689304954
106.418948445022
107.507749453328
108.612632329911
109.733370935676
110.870555400078
112.023909730689
113.194077826407
  114.3807295181
115.584566273049
116.805199218099
118.043391352222
119.298690360389
120.571924906503
121.862574278727
123.171537114819
124.498219127315
125.843593419872
127.206986711869
128.589451298671
129.990229003568
131.410457537089
132.849280538044
 134.30792589612
135.785471899291
137.283181808535
138.800100444959
140.337515497014
141.894442115758
143.472189201533
145.069743967414
146.688433743406
148.327219500908
149.987444090524
151.668044060063
153.370374699828
155.093350091359
156.838334704989
158.604222260077
160.392382964534
162.201692433438
164.033522983443
165.886734544262
167.762697722735
169.660259350597
171.580784313445
173.523109108621
175.488588693224
177.476052178025
179.486840185699
181.519777580941
183.576186044599
185.654889537346
187.757185986488
189.881902001692
192.030306737713
194.201233227253
196.395916622914
198.613200386332
200.854280224022
203.118014276045
205.405553140152
207.715774140774
210.049776880143
 212.40646264364
214.786873920617
217.189941020402
219.616642963401
222.065944449996
224.538754426829
227.034077676551
229.552746205945
232.093810918011
 234.65801973674
237.244476096516
239.853836399481
242.485263425456
245.139314295698
247.815218387432
 250.51342543261
253.233239136438
255.974993347624
258.738074356265
261.522691204024
264.328321605385
267.155040387042
270.002426176594
272.870409627294
275.758680497186
278.667014675862
281.595224092734
284.542918552337
287.510044134338
290.496032383751
 293.50097658581
296.524116848637
299.565707963482
302.624784236434
305.701777717312
308.795501128118
311.906581237727
315.033591699391
318.177373488265
321.336241642848
324.511273259528
327.700502700504
330.905268035509
334.123297792654
337.356219458888
 340.60142672341
343.860869377769
347.131572437109
350.415846452608
353.710307793005
357.017673299235
360.334102817632
363.662774142453
366.999332383925
370.347482955799
373.702284251648
377.068052068839
380.439167380428
383.820661238272
 387.20612038568
390.601427212776
393.999219927395
397.406413897053
400.814488650021
404.231643396375
407.647901887856
411.073108664825
414.495391296293
417.926789714043
421.352840434789
424.788679319887
428.216056254133
431.654839901159
435.080650309066
438.521598112011
441.941422562388
445.386796940163
448.784948401774
455.948533081004
459.503095564999
462.997644725652
466.416901359393
469.848532200944
473.244183094043
476.650073330165
480.029454345656
483.415419069794
486.778682547153
490.145493864316
  493.4914293484
 496.83843574541
500.165748373366
503.491509632981
506.798465788642
 510.10167823286
513.386561714242
516.665817183146
519.926954718167
523.180810113847
526.416581870366
529.643596230765
 532.85244079559
536.051196584312
539.231613602997
542.400729722963
545.551281423135
 548.68942154728
551.808733642942
554.914611707772
558.001373896268
561.073757764771
564.126723910331
567.164437782504
570.182425830435
573.184351749862
576.166243394487
579.131322070608
582.076062191545
 585.00329328233
587.909889160769
590.798331115515
593.665851441514
596.514620975606
599.342194657792
602.150465913528
604.937280703159
607.704284139131
610.449585081101
613.174606124786
  615.8776938486
618.560071341381
621.220300205371
623.859424665216
626.476200767375
629.071512491497
 631.64429156013
634.195278587543
636.723563764699
639.229759716666
 641.71309924685
644.174081061555
646.612065897654
649.027451473894
651.419712811568
653.789158574896
656.135365325932
658.458563729316
660.758419943564
  663.0350969134
665.288339158058
667.518251495086
669.724646199065
671.907578942539
674.066919712712
676.202683474955
678.314788390019
680.403216667316
682.467925553985
 684.50887201855
686.526043713676
688.519379490299
690.488889091489
692.434500021253
694.356236127435
696.254020019781
698.127881962049
699.977745835217
701.803640897178
703.605498206002
705.383338831773
707.137106680531
708.866807667269
710.572404004104
712.253879674873
 713.91122046319
715.544381814757
717.153378175609
718.738129994417
720.298685312684
721.834923251091
723.346930236917
724.834537840286
 726.29787553575
727.736721209625
729.151251929218
730.541185834223
731.906752025955
733.247602886322
734.564023898576
735.855595708465
737.122664445919
738.364733055795
739.582212505481
740.774522068212
741.942141674288
743.084400928518
744.201852792207
745.293731157891
746.360666035701
747.401789493012
748.417812562845
 749.40775928258
750.372425644299
751.310721334036
752.223531206029
753.109644131019
753.970037699579
754.803373332577
755.610725205255
 756.39062045317
757.144233660847
757.869950609407
758.569050094015
759.239769202268
759.883494717268
 760.49830738503
761.085705727539
761.643606148358
762.173622627522
762.673498823658
 763.14496785517
763.585591778267
 763.99722648078
764.408339134739