471.577528211465
471.578200231678
471.578725349954
471.578837106798
471.578654198405
471.578140379722
471.577304714086
471.576161056674
471.574694287072
 471.57292795197
471.570841968695
471.568460555637
471.565762989378
471.562772197205
471.559467778213
471.555870988066
471.551961952715
471.547760225297
471.543246490159
471.538438639414
471.533317906906
471.527900575746
 471.52216840993
 471.51613613275
471.509786015412
 471.50313126524
471.496154635753
471.488867856735
471.481254137581
471.473323763959
471.465060373284
471.456472836015
471.447545188347
 471.43828491039
471.428676406482
471.418725787644
471.408417794267
 471.39775718634
471.386729006694
471.375336679522
471.363565514831
471.351417613775
471.338878516487
471.325949011671
471.312614830565
471.298875458153
 471.28471677556
 471.27013697121
471.255122032466
471.239668857039
471.223763492161
471.207401549638
471.190569087171
471.173260434695
471.155461607614
471.137165657504
471.118358500968
471.099031914509
471.079171655275
471.058768228042
471.037807165288
471.016277703769
470.994165081052
470.971457270296
470.948139138401
470.924197400436
470.899616470858
470.874381813629
470.848477302425
470.821887159027
470.794594620837
470.766582678808
470.737833830833
470.708329851363
470.678052387149
470.646982014032
  470.6150994069
470.582383965122
470.548815261192
470.514371545097
470.479031145812
470.442771196797
470.405568630974
470.367399504753
470.328239190168
470.288062713641
470.246843708254
470.204556226123
470.161171969076
 470.11666408036
470.071002122935
470.024158407615
469.976100134435
469.926798870535
469.876219211298
469.824332082752
469.771099214941
469.716491010715
469.660466053739
469.602994358721
469.544031060093
469.483545938408
469.421490352621
469.357834024098
469.292524185024
469.225530695695
469.156796283419
 469.08629117104
469.013953174189
468.939753129931
468.863623504743
468.785536032366
468.705417359859
468.623240433823
468.538925576642
 468.45244730085
468.363719061544
468.272717330561
468.179348113251
468.083590278073
467.985341755702
467.884584296373
467.781207085932
467.675195293561
467.566428641958
467.454896312879
467.340467796325
467.223136941463
 467.10276218155
 466.97934275429
466.852725154031
466.722914800767
466.589745300979
466.453229155763
466.313185926344
466.169636946687
466.022386656347
465.871462190958
465.716658104479
465.558004198689
465.395286010124
465.228535738728
465.057529977118
464.882303280853
 464.70262334424
 464.51852704169
464.329773252978
464.136401121344
463.938160843374
463.735093764608
463.526941582515
463.313747759665
463.095245736317
462.871480985683
462.642178995828
462.407387120478
462.166823269163
461.920536519363
461.668237650094
461.409977275987
461.145459573885
460.874736475582
460.597506170563
460.313821650489
460.023375825125
459.726222447062
 459.42204995338
459.110912512199
458.792495001112
458.466851606589
458.133664673077
 457.79298795052
457.444502396933
457.088260806589
456.723944025635
456.351603301959
 455.97092078003
455.581945490937
455.184362431417
454.778217656553
454.363200721628
453.939353847577
453.506373015923
453.064295644966
452.612826181371
452.151996149155
451.681520680836
451.201424176891
450.711434869884
450.211568653493
 449.70156948104
449.181443183525
448.650952276986
448.110090779954
 447.55864285129
 446.99658872892
446.423737552414
445.840053564384
445.245374503869
444.639646124108
444.022738690701
443.394576655768
442.755067079914
 442.10410993955
441.441653740119
440.767570391301
440.081854923602
 439.38434710837
 438.67509407225
437.953898818616
437.220866707368
436.475758691764
435.718745162393
434.949538971367
 434.16838311692
433.374935385078
432.569519890306
431.751731290774
430.921984453387
430.079801516147
  429.2256991176
  428.3591158497
427.480682861798
426.589742141314
425.687054258421
424.771848970197
423.845033961905
422.905707836535
421.954946723118
420.991694828522
   420.017222893
419.030291705933
418.032399374992
417.022086318091
416.001119975152
414.967772223294
413.924135072316
412.868147263203
411.802300466438
410.724110577885
 409.63657510176
408.536656863328
407.428016922587
406.306864724061
405.177774772362
404.035869513953
402.887069320261
401.724784529809
 400.55713257379
399.374382069144
398.188901334396
396.982662541399
395.778142485005
393.226596635482
391.955730223436
390.689079291433
389.436996805792
388.171874015334
386.909922521018
385.635534518313
384.361477036814
383.076234999289
381.790281218726
380.494280754576
379.197184681952
377.891043788168
376.583739317197
375.268291266631
373.951696537108
372.627973691635
 371.30315846132
369.972140275883
368.640191002792
367.302897989122
365.964910398814
364.622388318041
363.279462486066
361.932772034949
360.586008520265
359.236217997178
357.886714505093
 356.53489418532
355.183742545941
353.830960117843
352.479243491796
351.126560205587
349.775350482611
348.423817816719
347.074173196175
345.724829928124
344.377792680463
343.031662294549
341.688256706577
340.346345096412
339.007575604028
337.670869042903
336.337718554472
335.007181915173
 333.68061032755
332.357185538194
 331.03812844602
329.722733171297
328.412100768722
327.105627307379
325.804303479991
324.507617870058
323.216459473508
321.930400796982
320.650237117641
319.375616996303
318.107249388292
316.844851662144
315.589053354249
314.339633933867
313.097149999152
311.861436883038
310.632984363466
309.411677811351
308.197945989294
306.991718842261
305.793369650598
304.602867788882
303.420536351212
302.246379280653
301.080674573169
299.923456131416
298.774961758125
297.635250931982
296.504526005134
295.382867850743
294.270447968644
293.167364626589
292.073762941351
290.989754739254
289.915463107506
288.851009743185
287.796499953237
286.752061752053
285.717786821622
284.693806062306
283.680201601484
282.677103905323
281.684589540152
280.702785319157
279.731766171855
278.771652132243
 277.82252035485
  276.8844810529
275.957617411873
275.042026860032
274.137802370094
273.245025691996
272.363803298386
271.494198432277
 270.63633474134
269.790254192291
268.956101251274
268.133893893432
267.323801021248
266.525813952333
265.740129623973
264.966710075204
264.205783863548
263.457281169203
262.721465748967
261.998233380875
261.287886600605
260.590284274062
259.905771303268
 259.23416716206
 258.57586272189
257.930635611536
257.298926298813
256.680468138556
256.075754854495
255.484473120198
254.907173616891
254.343493948859
253.794045508545
 253.25841446023
252.737276724284
252.230164669978
251.737822637129
251.259726859555
250.796694075585
250.348142056922
249.914964020881
249.496516963988
249.093774779637
248.706031390273
248.334345695676
247.977946260639
247.637981473061
247.313612274057
247.006081192973
246.714479302056
246.440148119346
246.182106628552
245.941800402385
245.718174147965
245.494727408977