1802742.09016965
1802739.09166007
1802779.58822985
1802801.27539394
1802821.65432637
1802844.78791947
1802856.60331195
1802875.79940913
1802881.87815935
1802895.95837648
1802897.04183737
1802905.80523749
1802902.12274642
1802905.58257243
1802897.22529444
1802895.42915087
1802882.43958331
 1802875.4276849
1802857.82163693
1802845.61762508
1802823.39006273
1802805.99940576
1802779.12635304
1802756.53642458
1802724.97581953
1802697.15626773
1802660.84846914
1802627.75155792
1802586.61967576
1802548.18053037
1802502.13062784
1802458.26737529
1802407.18855975
1802357.80236709
1802301.56677906
1802246.54179479
 1802185.0045011
1802124.20770448
1802057.20650059
1801990.48746274
1801917.84258797
1801845.03314823
1801766.54691679
1801687.46077663
1801602.91712697
1801517.34936338
1801426.51332728
1801334.23982697
1801236.85691961
1801137.63373463
1801033.42926622
1800926.99189148
1800815.67020066
1800701.73277319
1800582.97638199
 1800461.2308015
1800334.69949136
1800204.81446149
1800070.14426958
 1799931.7642587
1799788.56639349
1799641.31051399
1799489.17018877
1799332.63099337
1799171.10617642
1799004.84837005
1798833.46844988
1798657.02751545
 1798475.2918795
1798288.17261589
1798095.54914105
1797897.22411163
1797693.14756498
  1797483.055455
1797266.92580304
1797044.46968417
1796815.65030921
1796580.19580993
1796338.01163216
1796088.88501252
1795832.62051663
1795569.10664639
1795298.00381197
1795019.34405137
1794732.60018637
1794437.99016911
1794134.75564648
1793823.34296497
1793502.71886262
 1793173.6006561
1792834.63630133
1792486.85674815
1792128.54716798
1791761.09488389
1791382.37816398
1790994.18350928
1790593.93806445
1790183.87036379
1789760.91212461
1789327.77680411
1788880.85632503
1788423.39197285
1787951.19146846
 1787468.0668261
1786969.19714376
1786459.00803697
1785932.00557538
 1785393.2717951
1784836.59538029
1784267.75752597
 1783679.7852579
1783079.20155733
1782458.22764248
1781824.17076454
1781168.40235195
1780499.05623099
1779806.61027158
1779100.06696444
 1778368.9671162
1777623.22371579
1776851.39731975
1776064.35295158
1775249.62810679
1774419.08103811
1773559.18380641
1772682.82870049
1771775.38047542
1770850.80582651
1769893.32090498
1768918.00668677
1767907.89011532
1766879.20553109
1765813.75204648
1764728.94947821
1763605.36346308
1762461.46606949
1761277.04451364
1760070.90792255
1758822.66841171
1757551.17238044
1756235.97665961
1754895.89763037
1753510.48919288
1752098.49008701
1750639.49817414
1749152.12877065
1747616.07020189
1746049.76904716
1744433.05057395
1742784.14774276
1741083.06920564
1739347.78992383
1737558.54829862
 1735733.0174927
1733851.71189661
1731931.95973879
1729954.59746524
 1727936.5659818
1725859.06963077
1723738.62043881
1721556.83620669
  1719329.759441
1717039.46662971
1714701.49111656
1712298.41291608
1709845.21764453
1707325.03323646
1704752.26017004
1702110.61819111
1699413.88645372
1696646.41984833
1693821.34130707
1690923.68358648
1687965.87984213
 1684933.6827546
1681838.80353589
1678667.75613738
1675431.49907986
1672117.34817824
1668735.47995113
1665274.05187932
1661742.43060491
1658129.65425858
1654444.25314878
1650676.18420405
1646833.11631741
1642905.96252211
1638901.50652237
1634811.65393245
1630642.28070694
1626386.32071638
1622048.72068947
1617623.47767951
1613114.58863302
1608517.14804384
 1603834.1832338
1599061.91983982
 1594202.3961769
1589253.00232659
1584214.76836698
1579086.28192859
 1573867.5454032
1568558.37714179
1563157.73173452
1557666.69183093
1552083.14290256
1546409.46631441
1540642.45525626
1534785.82561352
1528835.25250596
1522795.82422967
1516662.06847317
1510440.48680633
1504124.42538708
1497721.84403007
1491224.86707647
1484642.96312629
1477966.98640387
1471207.97230473
 1464355.4462807
1457422.07850053
1450395.99357597
1443291.57772433
1436095.46516693
1428823.85725431
 1421461.7852379
1414027.38872551
1406503.95263928
1398911.71080122
1391232.01651941
1383487.39935068
1375657.03721594
1367766.02147224
1359791.02681032
1351760.06627947
1343646.85804077
1335482.83755302
1327238.11676599
1318948.27406627
1310578.83820304
1302170.61055035
1293682.96506263
1285163.62603093
1276563.01499581
1267938.59222142
1259225.92320865
1250496.80205592
1241654.40427179
1232784.84414565
1223624.04906601
 1208794.4199486
1197397.75569855
1188238.23572905
1179179.57221687
1170257.88113161
 1161290.4243302
1152375.71263433
 1143411.6904246
1134480.08689438
1125506.11208853
1116558.02077099
1107575.43359594
1098617.10459589
1089631.81206068
1080671.40152583
1071691.07490949
 1062737.4416326
1053770.49929601
1044832.19037482
1035887.89850432
1026974.14123121
 1018061.1750502
1009181.06934737
1000308.06684655
991470.518143243
982645.984668125
973859.656437444
965091.897487571
 956365.17450796
947662.245897477
939003.204508992
930372.873893545
 921789.25743416
913238.973943325
904738.172430687
 896275.04253502
887864.076077522
879494.844555711
871180.350177831
862911.385452115
854699.607113996
846536.890446777
838433.672079516
 830382.79025124
822393.571644015
814459.712804529
806589.528181008
 798777.48060749
791030.959724268
783345.113241839
775726.484834915
768170.834669272
760683.932068034
753262.084907406
745910.353630334
738625.535679663
731412.042822592
724267.109637752
717194.554864472
710192.002759557
703262.730705515
696404.709532193
689620.723435282
682909.050540296
676272.026917789
669708.202092901
663219.506290555
656804.727538551
650465.429986112
644200.609936695
638011.502953743
631897.285774351
625858.900780885
619895.679439118
614008.304436676
608196.238183296
602459.935384148
596798.967338089
591213.590832265
585703.465561745
 580268.67892385
574908.959930173
569624.253680222
564414.340703422
559279.049548009
554218.195625523
549231.515417355
544318.843638706
539479.848004006
534714.367915869
 530022.02451008
525402.648136907
520855.834499709
 516381.39195542
511978.910945823
507648.165621812
503388.760423808
499200.423747925
495082.792445977
491035.538215625
 487058.34794755
483150.826248482
479312.726951685
475543.577681925
471843.215456105
468211.081481566
464647.111598358
461150.651574161
457721.751171398
454359.652069645
451064.532574287
 447835.52196559
444672.941296221
441575.799439226
438544.574045879
435578.145845722
432677.162651346
429840.369554659
427068.597869517
424360.449771029
421716.953259243
419136.560502973
416620.509287985
414167.094853762
411777.777858388
409450.689834449
407187.527461297
404986.251913416
402848.809181619
400772.983541009
 398760.98380853
 396810.41091427
394923.750328354
393098.413274694
 391337.17611024
389637.254068002
388001.729132372
386427.614332311
384918.312635989
383470.628726986
382088.302647718
380767.924671737
379513.588869179
378321.665125993
377196.619497938
376134.595610924
375140.450626859
374210.096172056
 373348.80097223
372552.239082815
371758.150207469