 0.0123889972303185
 0.0123927585671567
 0.0123955108118155
 0.0123961767601569
 0.0123947808808193
 0.0123913525638146
 0.0123859170702452
 0.0123785044632817
 0.0123691407156586
 0.0123578564733305
 0.0123446783427643
   0.01232963746627
  0.012312761009028
 0.0122940805271267
 0.0122736236722716
 0.0122514223355073
 0.0122275045856575
 0.0122019025735637
 0.0121746447184905
 0.0121457633594867
 0.0121152872022618
 0.0120832487059611
 0.0120496768013736
 0.0120146040030192
 0.0119780594079828
  0.011940075524737
 0.0119006815604103
 0.0118599099592195
 0.0118177899845673
 0.0117743539613319
 0.0117296311578546
  0.011683653727634
 0.0116364508949989
 0.0115880545929842
 0.0115384939552918
 0.0114878006482835
 0.0114360036707069
 0.0113831343788344
 0.0113292215943719
 0.0112742963227983
 0.0112183871688816
 0.0111615247492365
 0.0111037374139405
 0.0110450553552283
 0.0109855066328306
 0.0109251209815643
 0.0108639261372053
 0.0108019513465176
 0.0107392239897158
 0.0106757727972028
 0.0106116247639806
  0.010546808078037
 0.0104813493214175
  0.010415276115822
  0.010348614604458
 0.0102813918209749
 0.0102136334456755
 0.0101453659044358
 0.0100766143923576
 0.0100074047097913
0.00993776154606498
 0.0098677100601538
0.00979727441671872
0.00972647911934561
0.00965534779076831
0.00958390426693946
0.00951217161299486
0.00944017298671482
0.00936793088151094
0.00929546776809341
0.00922280555552384
0.00914996602012329
0.00907697047543428
0.00900383999758673
0.00893059529484809
0.00885725673881183
0.00878384442408416
0.00871037801477398
0.00863687698476714
0.00856336028907853
0.00848984677509897
0.00841635468842131
0.00834290224540888
0.00826950698312954
0.00819618648358697
0.00812295757739084
 0.0080498372100118
0.00797684150878361
 0.0079039867815881
0.00783128845672768
0.00775876220451629
0.00768642275947947
0.00761428515542053
0.00754236343930143
0.00747067201046817
0.00739922423544096
0.00732803388211832
0.00725711364455979
0.00718647666314325
0.00711613496825978
0.00704610107757153
0.00697638636735707
0.00690700273820732
0.00683796092256181
  0.006769272210386
0.00670094670122604
0.00663299508163131
0.00656542682982811
0.00649825203688523
0.00643147957186719
0.00636511893898689
0.00629917841084718
0.00623366691408244
0.00616859213803459
0.00610396244165342
0.00603978494468067
0.00597606744885636
0.00591281651840336
0.00585003940887229
0.00578774214343025
0.00572593144296969
0.00566461280440921
0.00560379242599067
0.00554347529349872
0.00548366709497485
0.00542437232045574
0.00536559616064171
0.00530734262544393
 0.0052496164214569
0.00519242109429108
0.00513576088001409
0.00507963887592971
0.00502405886146916
0.00496902350219525
0.00491453613420371
0.00486059933942597
0.00480721536216508
0.00475438672156967
 0.0047021152385903
0.00465040305766068
0.00459925159398055
0.00454866263094152
0.00449863719560307
0.00444917672412635
0.00440028187302044
0.00435195374513989
0.00430419264398365
 0.0042569993531096
0.00421037384046951
0.00416431658439491
0.00411882723464888
0.00407390597844218
 0.0040295521645773
0.00398576570326024
0.00394254565940531
0.00389989168031605
0.00385780256391113
0.00381627770865645
 0.0037753156621641
0.00373491558806651
0.00369507580013233
0.00365579524108122
0.00361707200705388
0.00357890483367232
0.00354129161539626
0.00350423089443778
0.00346772037923417
0.00343175843212678
0.00339634259088137
0.00336147105133866
0.00332714119561779
0.00329335106623967
0.00326009790435839
  0.003227379612147
0.00319519330411611
0.00316353675483493
0.00313240696611634
0.00310180159742343
0.00307171755142622
0.00304215238471511
0.00301310291396718
0.00298456660485191
0.00295654020078496
0.00292902108816827
0.00290200594945668
0.00287549210312324
0.00284947618251991
0.00282395544919925
0.00279892649881452
0.00277438654666085
0.00275033216163313
0.00272676052307232
0.00270366818358195
0.00268105229647836
0.00265890940805881
0.00263723665515765
0.00261603058726109
0.00259528833386455
0.00257500645664148
0.00255518208647978
0.00253581180573512
0.00251689275499621
0.00249842154528702
0.00248039533477158
0.00246281077061443
0.00244566503598538
0.00242895482114393
0.00241267734124259
 0.0023968293360689
0.00238140805927251
0.00236641030607814
 0.0023518333746764
0.00233767412111232
  0.002323929893683
0.00231059761410989
0.00229767468587689
0.00228515810071024
0.00227304532186952
0.00226133341488668
0.00225001990688883
0.00223910194048794
0.00222857711026853
0.00221844263867191
0.00220869619082366
0.00219933507122102
0.00219035701810457
0.00218175941973426
0.00217354008952703
0.00216569650069611
0.00215822654338142
 0.0021511277764282
 0.0021443981677298
0.00213803536193522
0.00213203740520476
 0.0021264020276617
0.00212112735372985
0.00211621119818222
0.00211165176318645
0.00210744694685261
0.00210359502805775
0.00210009398645576
0.00209694217608598
0.00209413765588054
0.00209167885298425
0.00208956390287834
0.00208779130325016
0.00208635926294686
0.00208526634713372
0.00208451083439656
 0.0020840913538175
0.00208400624966043
0.00208425421087258
0.00208483364291334
0.00208574329005936
0.00208698161407277
0.00208854740954753
 0.0020904391892581
 0.0020926557926354
 0.0020951957777912
0.00209805802305387
0.00210124112582655
0.00210474399694614
0.00210856526670455
 0.0021127038716195
0.00211715846812723
0.00212192801117123
0.00212701117626109
0.00213240692909592
0.00213811414228913
0.00214413141339924
0.00215045780190466
0.00215709190471334
 0.0021640327719535
0.00217127899162323
0.00217882959591898
0.00218668315490144
0.00219483867417396
0.00220329469657774
0.00221205019215042
0.00222110366699733
0.00223045404632269
0.00224009978976634
0.00225003976815314
0.00226027238473604
0.00227079644615424
 0.0022816102891826
0.00229271264622661
0.00230410177734476
0.00231577633043827
0.00232773447848712
0.00233997477441552
0.00235249529366256
0.00236529448352155
0.00237837031135244
0.00239172110800437
0.00240534472216887
0.00241923935730106
  0.002433402732809
0.00244783291369087
0.00246252747945642
0.00247748434549527
0.00249270094083053
0.00250817502002824
0.00252390385109009
0.00253988501650619
0.00255611561280284
0.00257259303913154
0.00258931421019815
0.00260627633057033
 0.0026234761229257
 0.0026409105860491
0.00265857624054828
0.00267646986830212
0.00269458777800244
 0.0027129265236053
0.00273148219226611
0.00275025109913893
0.00276922910047806
0.00278841226192642
 0.0028077961997592
 0.0028273767196022
0.00284714918899149
0.00286710914326703
0.00288725169281552
 0.0029075720926947
0.00292806518811361
0.00294872594415954
0.00296954893325026
0.00299052882115952
0.00301165990034787
 0.0030329365283154
0.00305435271088074
0.00307590248873179
0.00309757957487585
0.00311937768511144
 0.0031412902340147
0.00316331060491961
0.00318543190893571
0.00320764718990087
0.00322994925104227
0.00325233079025617
0.00327478429912695
0.00329730212379345
0.00331987644112808
0.00334249924037064
0.00336516238134011
 0.0033878574919553
0.00341057611340485
0.00343330950863073
 0.0034560488994161
0.00347878518088381
0.00350150925547574
0.00352421164851534
0.00354688294404469
 0.0035695132965191
 0.0035920929734379
0.00361461175828143
0.00363705960481765
0.00365942592645857
 0.0036817003670454
0.00370387197189439
0.00372593007975738
0.00374786337094686
0.00376966088503512
0.00379131094159691
0.00381280228804725
 0.0038341228887188
0.00385526120704454
0.00387620485889688
0.00389694203309559
0.00391746000517866
0.00393774669995616
0.00395778906216013
0.00397757476447049
0.00399709043180426
0.00401632349790852
0.00403526028039949
0.00405388798864842
0.00407219264707024
0.00409016125661935
0.00410777956425715
0.00412503437992472
0.00414191119059009
0.00415839663407197
0.00417447595658266
0.00419013564424003
0.00420536072358215
0.00422013755102151
0.00423445095641463
0.00424828719008177
0.00426163091017026
0.00427446828618288
0.00428678383157936
0.00429856366202556
0.00430979217543526
 0.0043204554623682
0.00433053783652558
 0.0043400253938869
0.00434890239753894
0.00435715498124669
0.00436510383834502