    434.27177675
434.272018741042
434.272202387967
434.272231413119
434.272151237725
434.271946551726
 434.27162215426
 434.27118225983
434.270621711715
434.269948994762
434.269156630378
434.268253601928
434.267232009363
434.266100419693
434.264850982058
434.263491641842
434.262014710777
434.260427481877
434.258722453226
 434.25690627597
434.254971635495
434.252924559772
434.250757916296
434.248477128645
434.246075239235
434.243557084228
434.240915872751
434.238155868365
434.235270437866
434.232263284848
 434.22912792388
 434.22586750913
434.222475692119
434.218955086123
434.215299467783
434.211510916119
434.207583319972
434.203518228959
434.199309630021
434.194958546569
434.190459048325
434.185811634157
434.181010439961
434.176055440358
434.170940819473
434.165666026761
434.160225275253
434.154617487276
434.148836884014
434.142881857841
434.136746615848
434.130429016949
434.123923230347
434.117226577476
434.110333164208
434.103239770162
434.095940410674
434.088431319055
434.080706391021
434.072761309093
434.064589818223
434.056187045843
434.047546552749
434.038662907324
434.029529450339
434.020140187673
434.010488201469
 434.00056693231
433.990369162085
433.979887764134
433.969115175117
433.958043700204
433.946665382167
433.934971958302
433.922955024757
433.910605752697
433.897915234436
 433.88487407845
433.871472811095
433.857701483578
  433.8435499888
433.829007828427
433.814064188538
433.798708031643
433.782927757258
433.766711802194
433.750047692724
433.732923356959
433.715325353728
433.697241123487
433.678656155293
433.659557427626
433.639929248642
433.619758165808
433.599027185759
  433.5777224619
433.555825568496
433.533322308635
433.510192682332
433.486422193755
433.461989114932
433.436878711132
433.411067359887
433.384540157263
433.357271406067
433.329246113686
 433.30043631323
433.270827016014
433.240387774646
433.209103710449
433.176941667721
433.143886998831
433.109903593732
433.074977173463
433.039068408046
 433.00216354317
432.964219742388
432.925223952287
432.885129520971
432.843924294514
432.801557472562
432.758018023847
432.713250640842
432.667245665102
 432.61994289571
 432.57133432682
432.521354448515
432.469997219723
432.417191374511
432.362933184203
432.307145146151
432.249826231029
432.190892179627
432.130345107578
432.068093360837
432.004143095331
431.938394614916
431.870856688706
431.801424078553
431.730106592014
431.656793853636
431.581496557573
431.504099177534
431.424613268084
431.342918118294
431.259026122359
431.172811368946
431.084287065044
430.993322107049
430.899930479961
 430.80397592315
430.705473155694
 430.60428082545
430.500414331239
430.393727328508
430.284235829669
430.171788633951
 430.05640228782
429.937920911252
429.816361490071
429.691563686613
429.563544814226
429.432140347898
429.297367797315
429.159058773327
429.017230828925
428.871712091351
428.722519979233
428.569479578651
428.412607968426
428.251727702641
428.086855283562
427.917811314148
427.744611448092
427.567074995059
427.385216448395
427.198854564748
427.008002320537
426.812478747917
426.612294899278
426.407271005216
426.197415729968
 425.98255152653
425.762684142463
425.537639385274
425.307419484522
425.071854850325
424.830943510453
424.584521850395
 424.33258291882
424.074970583764
423.811672031157
423.542540264284
423.267555601545
422.986581992553
422.699591744918
422.406461739081
422.107154969824
421.801563424214
421.489639299379
421.171292077558
420.846461462062
420.515077057672
420.177064132111
419.832375310913
419.480919197373
419.122674646539
 418.75753103073
418.385497003549
418.006439739564
417.620401683172
 417.22722436616
416.826988519547
 416.41950601045
416.004900959752
415.582950844855
415.153829022879
414.717272989133
414.273512106149
413.822237210494
413.363741603518
412.897661410197
412.424363298178
411.943418850865
411.455279483117
410.959440066056
410.456450750217
409.945714369495
409.427897361817
408.902290833511
 408.36970006423
407.829278506714
407.282000086199
 406.72684542174
406.164997798809
405.595215423875
405.018948852056
404.434660496085
403.844154777117
 403.24548226124
402.640939232587
402.027962437962
401.409578551878
400.782200527132
400.150037580373
399.507355402595
398.860305192605
 398.19356909892
396.912946804347
396.154680288284
395.461179626318
394.765024570271
394.072771571416
393.372358846992
392.671313368398
391.962239913434
391.251279265291
390.532802244162
 389.81197684034
389.084146082365
388.353812599432
 387.61694774085
386.877578340963
386.132119665624
385.384243137534
384.630696310952
383.874875199672
383.113786577564
382.350564343556
 381.58255016938
380.812536156675
380.038183906324
 379.26199885991
378.481912546372
377.700185996632
376.914981942001
376.128350002329
375.338653471174
374.547756836882
373.754199238602
372.959681320959
372.162897790849
371.365402958242
370.566030211204
369.766202127083
368.964876523249
368.163356578813
367.360712365621
366.558138208801
365.754805918446
 364.95181008215
364.148415071629
363.345623704407
362.542784830166
361.740816532044
360.939144953903
360.138609719488
359.338707829995
358.540206100116
357.742666576119
356.946788398435
356.152193371927
355.359517670133
 354.56843801535
353.779531965816
352.992526699389
352.207945213395
351.425561004106
350.645846313215
349.868617097616
349.094298439188
348.322745139069
347.554338538495
346.788968875979
346.026977021848
345.268285427679
344.513197635813
 343.76166524628
343.013957508401
342.270052246268
341.530187358915
340.794364093681
340.062791862979
339.335492645856
338.612650163722
 337.89430453277
337.180616520237
336.471641871261
335.767521084724
335.068323103662
334.374170800019
333.685143952833
333.001350409703
332.322878485963
331.649823573434
330.982280280129
330.320334080758
329.664083683135
329.013607157239
 328.36900516383
327.730350857443
327.097744746789
326.471257540026
325.850987526985
325.237005420933
324.629405260857
324.028260201502
323.433658030961
 322.84567676909
322.264395982296
321.689900968734
321.122261129203
320.561571445203
320.007889232687
319.461321555747
318.921911748962
318.389781354849
317.864957850994
317.347579653252
 316.83765652584
316.335346154583
315.840638751697
315.353713674097
314.874539759726
314.403320445158
313.940001386889
313.484812520348
313.037674527389
 312.59884627552
 312.16822169174
311.746091026545
311.332319683956
310.927231770001
310.530662409004
310.142972060995
309.763963824694
309.394037043108
 309.03296105389
308.681176647542
308.338417675492
308.005168981225
 307.68112721511
307.366823925935
307.061916858908
306.766986973793
306.481651417979
306.206543328151
305.941237573667
305.686422302088
305.441628438673
305.207602052261
304.983828474104
 304.77111469035
304.568898807353
304.378051820548
304.197963003106
304.029570558875
303.872213346677
303.726900097701
303.592917708145
303.458952041738