1457859.28783715
1457856.49709499
1457887.94674698
1457904.53502888
1457920.36186657
 1457938.5966353
1457947.83569907
1457963.38586737
1457968.35345862
1457980.21029363
1457981.53461115
1457989.50360071
 1457987.3787491
1457991.45549357
1457985.95486599
1457986.17023117
1457977.32532055
1457973.70745284
1457961.52806158
1457954.09343002
1457938.57316598
1457927.32474076
1457908.44275303
1457893.36987256
1457871.09156581
1457852.17014346
1457826.44756016
1457803.64030151
1457774.41234979
1457747.66890439
1457714.86148089
1457684.11851419
1457647.64453854
 1457612.8257244
1457572.58509288
 1457533.6010297
1457489.48049307
1457446.22854688
1457398.10151559
1457350.46559287
1457298.19187255
1457246.04212472
1457189.46758367
1457132.66004493
 1457071.6162151
1457009.99237461
1456944.29598684
1456877.68229563
1456807.13474965
1456735.34206254
1456659.72883155
1456582.55178372
1456501.64175343
1456418.85807108
1456332.40281229
1456243.77255644
1456151.50553036
1456056.77027274
1455958.40596765
1455857.28789719
 1455752.5208952
1455644.72185353
1455533.22582565
1455418.42626986
1455299.85289762
1455177.71078838
1455051.68861002
1454921.83822298
1454787.97140227
1454650.02206054
1454507.88907601
1454361.42380172
1454210.57605419
1454055.15013678
1453895.11047299
1453730.24995204
1453560.51110241
1453385.71116294
1453205.73409121
1453020.45736947
1452829.66953251
1452633.34433025
1452431.13784621
1452223.15625197
1452008.88597535
 1451788.6018912
1451561.58339369
1451328.31046658
1451087.81792288
1450840.82737984
1450586.09135807
1450324.60974526
1450054.81490237
1449778.02172839
1449492.30441126
1449199.32969595
1448896.77544992
1448586.69718061
1448266.33816785
1447938.17966597
1447598.99199725
1447251.71919925
1446892.62018352
1446525.13884126
1446144.98415906
1445756.13696601
1445353.71777377
1444942.28142513
1444516.32139927
1444081.00359543
1443630.15592665
1443169.59233152
1442692.43668179
1442205.18784926
1441700.22728592
1441184.77557008
 1440650.4334938
1440105.17996084
1439539.79704662
1438963.05840885
1438364.88958186
1437754.89517704
 1437122.1066479
1436476.99548999
1435807.66187713
1435125.47980761
1434417.58137748
1433696.27834942
1432947.69841004
1432185.12593388
1431393.64845137
 1430587.5570879
1429750.86531348
1428898.89858683
1428014.59260985
1427114.18822145
1426179.94189139
1425228.38621721
1424241.62488333
1423236.21825054
1422194.22374463
1421132.16974278
1420032.11314979
1418910.50875364
1417749.45353723
 1416565.2888132
1415340.19190185
1414090.35113991
1412798.06447223
 1411479.3281006
1410116.60090499
1408725.64819941
1407289.13009587
1405822.54274973
1404308.78774687
1402763.05437379
1401168.52583263
1399540.04747225
 1397861.1241076
1396146.22080404
1394379.20379164
1392574.12231109
1390715.24356557
1388816.16631544
1386861.59799925
1384864.65320572
1382810.51852314
1380711.79171685
  1378554.177039
1376349.72389014
 1374084.6922479
1371770.55278115
1369394.15875137
1366966.37295938
1364474.67895672
1361929.30381656
1359318.39778876
1356651.52567004
1353917.54017754
1351125.31861343
1348264.45125621
1345343.10402926
1342351.63916363
1339297.48863764
1336171.82030466
1332981.31091166
1329717.96687611
1326387.68964439
1322983.35641993
1319510.07440494
1315961.62311686
1312342.29757237
1308646.81048536
1304878.62758767
1301033.42510175
1297113.82301563
1293116.49091027
1289043.18696203
1284891.60364658
1280662.62134749
1276354.98485591
1271968.68049937
1267503.53494961
1262958.62348765
1258334.88471156
1253630.46460113
 1248847.4446398
1243983.02133752
1239040.45149058
1234015.95926597
1228914.01138116
1223729.83311259
1218469.13880551
1213126.12342029
1207707.79092296
1202207.26814088
1196632.89649224
1190976.68852922
1185248.37884084
1179438.80872017
1173559.17227547
1167599.06837233
1161571.23134609
1155463.92773946
1149291.53235322
1143040.86445126
1136728.06640127
1130338.36108446
1123889.82307437
1117365.88214545
1110786.76328149
1104133.83805909
1097429.77860261
1090653.53140732
1083830.63159461
1076937.07498529
 1070001.8642753
1062997.25632738
1055956.64187897
 1048847.2792521
  1041708.434788
1034500.15930037
 1027270.1925867
1019966.87005084
1012651.36326138
1005247.89742208
997839.429491389
990243.894021863
975946.952112287
967618.196140445
960043.308534722
952480.115942277
944999.734504274
 937472.08061989
929978.821872549
 922441.55394542
914926.429266813
907374.652837367
899841.423395985
892278.775303984
884734.345327738
877167.191407841
869619.478252255
862055.244634983
854512.509420065
846959.053953454
839429.632195676
831894.956024414
824386.710622974
816879.216342594
809400.362971054
801927.854778033
 794486.39997689
787056.525935323
779660.230900988
772280.429986716
764936.781249382
757614.242366003
750330.427062267
743072.056696224
735854.941657385
728667.338007309
721523.452278986
714412.884599169
 707348.40517886
700320.797554792
693341.538203115
686402.457235556
679513.860238266
672668.506253964
665875.637011069
659128.838495706
652436.382803718
645792.593794531
639204.857674155
 632668.15787173
626189.069779727
619763.167149841
613396.282401731
607084.518044042
600833.025264928
594638.380329035
588505.109743169
582430.214175696
576417.647541807
570464.790452088
564575.072450674
 558746.21388747
552981.164768141
547277.948706282
541639.078007469
536062.846350975
530551.367510691
 525103.17492816
519720.020612624
 514400.65003093
509146.488017531
503956.466611282
 498831.71607306
493771.331599258
488776.179649815
483845.496989938
478979.915359897
474178.793144549
469442.554873384
464770.662077843
460163.358117586
455620.190529642
451141.246169719
446726.142644128
442374.833679134
438086.992105601
433862.460679934
429700.953603607
425602.223678539
421566.013523577
 417592.00592364
413679.959781558
409829.506787618
406040.410742277
402312.270208559
 398644.84317949
395037.712161239
391490.619256023
 388003.14714308
384575.012517894
381205.813677467
 377895.23291257
374642.898851903
371448.450856233
368311.561922921
 365231.82038844
362208.957032187
359242.501464743
356332.255090577
353477.681450043
350678.664898515
347934.595886246
345245.453581336
342610.548618015
340029.966428466
337502.931370747
335029.646235966
332609.242885205
330242.052261243
327927.107722275
325664.878908755
323454.294862278
321295.974276624
319188.736234254
317133.358705038
315128.545321358
313175.243478275
311272.036001281
309420.049847281
307617.741795964
305866.428553431
304164.435718328
302513.280050473
300911.150923895
299359.775643293
297857.202395599
296405.379781361
295002.209911638
293649.873772519
292346.122579275
291093.381214897
289889.245245301
288736.395474141
287632.267133766
286579.809582891
285576.293110875
284624.948983021
283722.878023252
282873.607590856
 282074.06462669
281328.087737081
280632.425692456
279991.244611132
279401.110971451
278812.757376795