  571040.8067562
571040.580468703
571053.551392958
571060.135118207
571066.020257316
571072.392419152
 571074.80225335
 571079.26087273
571079.132179745
571081.290895916
571078.885668172
571078.677595802
571074.081501525
571071.511532982
571064.758642279
571059.842136349
571050.946419194
571043.694280624
571032.657789726
571023.073048648
571009.888226526
570997.965424412
570982.615889356
570968.341110016
 570950.80201157
570934.153023571
570914.391243609
570895.337625377
570873.311897196
570851.815116198
570827.476082758
570803.489524519
570776.779743661
570750.248691836
 570721.10259258
570691.964162302
570660.307954957
570628.490981494
 570594.24252363
 570559.66740804
  570522.7360279
570485.314540982
570445.600819492
570405.235864993
570362.631377229
570319.216714927
570273.603731551
 570227.02366062
570178.274809572
570128.403812315
 570076.38170081
570023.084046699
569967.640843358
569910.770153091
569851.747129883
569791.145899028
569728.372932517
569663.872014158
569597.167045449
569528.585091128
569457.753543769
569384.896401935
569309.730556951
569232.390628027
569152.668955198
569070.624502334
568986.110946774
568899.125361316
568809.568584397
568717.389605081
568622.522178721
568524.881063636
 568424.41861704
568321.029267405
568214.669585348
568105.227620266
 567992.64969214
567876.831473558
567757.694492496
567635.156099739
567509.098411288
567379.474564741
567246.112564768
567109.015498449
566967.942480189
566822.960763279
566673.745713735
 566520.44302139
566362.629367632
566200.543201828
566033.647508153
565862.287869717
565685.798487096
565504.646500587
565318.022170363
565126.528664055
564929.197078463
 564726.78112232
564518.137445128
564304.184850414
564083.590201724
563857.451986715
563624.231896869
563385.222724059
563138.665562578
562886.062153818
562625.417540352
562358.457077459
562082.934282945
561800.812802606
561509.579150124
561211.449943261
560903.629219478
560588.601246708
560263.272136373
559930.408472821
559586.603030375
559234.919354779
558871.621528959
558500.084673858
558116.228903018
557723.755484724
557318.225382578
556903.680531694
556475.307685278
556037.503900598
555585.066804409
555122.762955164
554644.986108166
554156.886609333
 553652.43981535
553137.193947582
552604.692131047
552060.892155029
551498.902454697
550925.047018964
 550332.15248994
549726.662751512
549101.335813768
548462.627878785
547803.271716213
547129.712306945
546434.675622398
545724.579391764
544992.159190056
544243.790210947
543472.233979493
542683.808067366
541871.316399618
541041.004019208
540185.733809691
539311.663585245
538411.731846516
537491.994716446
536545.483060696
535578.137117748
534583.096943266
533566.172998934
532520.631418706
531452.139327244
530354.105873069
529232.041646015
528079.515776557
526901.869513153
525692.848948271
524457.613600443
523190.103496825
 521895.28447945
520567.307454044
 519210.93310202
 517820.54009994
516400.672963112
514945.954955606
513460.703910818
511939.804396563
510387.337543201
508798.465812718
507177.024103996
505518.469212395
503826.380759571
502096.526137393
500332.221108192
498529.559723926
 496691.58573992
 494814.73571108
492901.773631895
490949.494164709
488960.374129988
486931.581650989
484865.299234412
482759.083561037
480614.815874729
478430.456256703
476207.577829509
473944.558678878
471642.656918648
 469300.68303419
466919.573072876
464498.584154826
462038.322866257
459538.507110187
456999.406084283
454421.212639136
451803.849893446
449147.999968479
446453.230178511
443720.726587593
 440949.68962171
438141.824561431
435295.952114117
432414.312984543
429495.333113429
426541.806207306
423551.745594137
420528.517501794
417469.701274476
 414379.25787737
411254.306848089
408099.429803585
404911.254993968
401695.015646721
398446.809980828
395172.560670936
391867.787712746
 388539.15048548
385181.530064953
381802.382817017
378395.873299643
374970.333413274
371519.110163499
368051.515659886
364559.944798949
361054.832928371
357527.438480218
353989.521294164
350430.941433699
346865.076744849
343279.998731359
339691.151179888
336084.196711174
332477.370154012
328852.841316856
325232.903711211
321594.027652557
317964.986218261
314310.491390373
310669.875506107
306955.946834427
299984.255343647
295941.622005627
292285.030515602
288653.227953372
285079.998334422
281503.081455954
 277961.32319218
274417.714593691
270903.431521727
267391.049397527
263906.303216713
260427.062371001
256975.279318825
 253532.25691516
250117.188119627
246713.810104438
 243339.20691831
239978.944033984
236648.430247463
233334.661658004
230051.493362276
226787.616760369
223555.048032099
220344.042371313
217165.080501753
214009.708245209
210887.104817134
207789.895248058
204726.141447634
 201689.38067912
198686.705597585
195712.431468875
  192772.8028566
189862.803501087
186987.930629284
184143.745942762
181335.084314425
178558.009789765
175816.767480612
173107.860007977
170435.005436326
167795.090745983
165191.361679803
162621.043152948
160086.956768523
157586.625373847
155122.489186206
152692.334323608
 150298.25781547
147938.278867359
 145614.18565114
143324.204058454
 141069.84441506
138849.516110712
136664.479759287
134513.307806734
132397.036770909
130314.384070336
 128266.18551873
126251.287457921
124270.346409267
122322.323350614
120407.715146726
118525.584655827
116676.287118445
114858.975853431
113073.881053534
111320.236247231
109598.161827549
107906.962307047
 106246.66231004
104616.629009804
 103016.80417423
101446.610109708
99905.9176089833
98394.1972875666
96911.2598923309
95456.6181475023
94030.0328031519
92631.0530457311
91259.3988631488
89914.6507506849
88596.4964149864
87304.5429466186
86038.4535544624
84797.8576039565
83582.4009448757
82391.7312491445
81225.4835505303
80083.3201748066
78964.8713336065
 77869.810637564
76797.7689645352
75748.4280961965
74721.4246007924
73716.4455470301
72733.1377926661
 71771.191016583
70830.2665772676
69910.0542737812
69010.2338239494
68130.4928256331
67270.5328955685
66430.0372611818
65608.7326906372
64806.2960089432
64022.4821316831
63256.9595731841
62509.5141650857
61779.8043141686
61067.6493373504
60372.6958371351
59694.7990123706
59033.5920544112
58388.9682939751
57760.5459847995
 57148.258717695
56551.7083540685
55970.8707756277
55405.3300605676
 54855.106338622
54319.7645704736
53799.3710406461
53293.4703079637
52802.1766912412
52325.0131071229
 51862.143784032
51413.0687947722
50978.0041716938
50556.4259760825
50148.6039811948
49753.9890991537
49372.9068480295
49004.7818798681
48649.9975535631
 48307.951174536
47979.0861572075
47662.7713967394
47359.5127245036
47068.6495841948
46790.7527625561
46525.1312340617
 46272.423489061
46031.9070407733
45804.2910770708
45588.8206878771
45386.2790381024
45195.8778686973
45018.4779310853
44853.2567369645
44701.1566138988
44561.3200218519
44422.0001780349