ID,Thickness,CP3_y,T0in,p0in,outerTemperature
1, 0.007029870868235047, -0.004962950286193967, 489.0, 823256.6030227967, 359.0
2, 0.005604032136790389, -0.0023139089678276114, 451.0, 753770.6702550657, 376.0
3, 0.006002875039731632, -0.001235450700404813, 507.0, 476838.6449119141, 393.0
4, 0.008307705125272789, -0.007899792480644659, 658.0, 977509.597900329, 322.0
5, 0.0034071243746838517, -0.003504458536777404, 423.0, 519674.71411511814, 291.0
6, 0.00394626714045426, -0.0001552404717671957, 628.0, 528885.670267131, 334.0
7, 0.008522497082579645, -0.012242085614101708, 603.0, 572792.1894719348, 369.0
8, 0.0013969066762980714, -0.012113985497976019, 511.0, 638863.2040519939, 364.0
9, 0.006266477698619202, -0.011654359749028925, 515.0, 792648.4067661152, 351.0
10, 0.006044329228014826, -0.001277584765410799, 616.0, 456429.13834591914, 318.0
11, 0.009696491652582712, -0.0005288125652269677, 406.0, 676574.078840781, 325.0
12, 0.0037729636143557193, -0.0032831486407769485, 445.0, 647395.019209915, 328.0
13, 0.008045553997048038, -0.0008763014962403816, 442.0, 591829.7003727001, 388.0
14, 0.007063503690322192, -0.0096027991237895, 744.0, 907547.2927242544, 377.0
15, 0.00386991412683162, -0.006906689790620711, 492.0, 955961.6077369689, 317.0
16, 0.0034628061000435383, -0.009822655221696843, 501.0, 561808.470488149, 296.0
17, 0.0012660274288667204, -0.004582898865880642, 735.0, 598496.6477400139, 381.0
18, 0.008951804305489353, -0.003868257465011609, 761.0, 902853.9514503604, 368.0
19, 0.009132645381639225, -0.0018852025567048097, 470.0, 946548.6529883532, 303.0
20, 0.002922444050561142, -0.00034837414942396824, 679.0, 695265.3827406695, 394.0
21, 0.007683823942950517, -0.010004569826660608, 771.0, 935033.3846143114, 305.0
22, 0.002277316035540684, -0.0030908754930306075, 648.0, 622539.3234615219, 301.0
23, 0.006835853475536198, -0.010076366292177577, 457.0, 578073.6352556285, 346.0
24, 0.004365193847757923, -0.008478837250851542, 563.0, 603285.6218143932, 392.0
25, 0.004021486200113748, -0.0071752022465560086, 783.0, 956033.1703948553, 388.0
26, 0.0033159112931731263, -0.0036227011201085887, 467.0, 829811.035785336, 305.0
27, 0.0033477212984045924, -0.010475121562392279, 729.0, 748074.4495989383, 337.0
28, 0.0067936173422445, -0.0062099009858241705, 402.0, 683812.713120428, 398.0
29, 0.001352173833297748, -0.009896529813504164, 477.0, 635010.354598234, 329.0
30, 0.007655672225691998, -0.002598262495831269, 727.0, 474827.240052133, 299.0
31, 0.0010628033002547028, -0.007355360684323779, 592.0, 975246.1291839742, 342.0
32, 0.005440349246145253, -0.01149330394178655, 619.0, 466603.49098589487, 316.0
33, 0.006375024552473832, -0.008766342763591329, 515.0, 649967.3296508627, 390.0
34, 0.0021022389288160915, -0.00806661655178864, 641.0, 486104.55856259936, 397.0
35, 0.008602826888413833, -0.007489809426447685, 711.0, 842949.823581059, 366.0
36, 0.0032336711666641586, -0.009718827738731457, 506.0, 982814.4789638359, 360.0
37, 0.0056817705138204775, -0.01078530601836081, 667.0, 666258.2129687422, 376.0
38, 0.009596164461472378, -0.008292750823973344, 587.0, 470842.28555467085, 302.0
39, 0.007388552107095162, -0.0026939828907126383, 643.0, 742639.938172484, 367.0
40, 0.00908814581872159, -0.010218738241499471, 650.0, 673127.0175290492, 372.0
41, 0.0055183736019248815, -0.004650290904494822, 714.0, 787128.3647158064, 294.0
42, 0.003534288480026748, -0.010170088326911207, 740.0, 876130.5009190133, 312.0
43, 0.008697030959988314, -0.009696818862653951, 519.0, 408380.30475870357, 358.0
44, 0.008131497077177204, -0.0023798706920042986, 555.0, 817433.7141193387, 357.0
45, 0.0015089327692258364, -0.0022409023981623984, 800.0, 780611.2982706986, 291.0
46, 0.0050509170317513605, -0.005302411924885923, 499.0, 630753.8363162233, 341.0
47, 0.0016070183930272544, -0.010620018040226342, 724.0, 434017.39855605125, 370.0
48, 0.004801808083227313, -0.0018107203468378207, 561.0, 800448.5045962299, 332.0
49, 0.006996688848262264, -0.005871061549590134, 445.0, 711502.1796991075, 314.0
50, 0.00256575746901274, -0.0064918526668669785, 421.0, 834992.7708656306, 384.0
51, 0.007513818722538183, -0.0014823643451044657, 790.0, 799278.7934745285, 317.0
52, 0.004655302959941383, -0.012216088643081834, 721.0, 610514.160568673, 378.0
53, 0.009343653179297168, -0.004730224963658793, 786.0, 996679.2373817163, 319.0
54, 0.0011894696342428423, -0.00867483389581965, 483.0, 938905.6555508308, 349.0
55, 0.004919688659039098, -0.011312541868269485, 437.0, 703119.3766688681, 298.0
56, 0.009836074248154726, -0.0019785980572762513, 742.0, 921993.3728002599, 395.0
57, 0.0058387954895355336, -0.011983413433843557, 569.0, 789519.4915306831, 373.0
58, 0.0036248348850323, -0.011394910904403959, 781.0, 771019.4200221971, 307.0
59, 0.006201257768363069, -0.0020546091224623603, 583.0, 547466.2065809442, 338.0
60, 0.0056437211978320025, -0.010950130455741957, 579.0, 862567.0052806559, 333.0
61, 0.007206442218059838, -0.0031960748802574487, 697.0, 555101.8727370623, 335.0
62, 0.00920415570774525, -0.009267502390313565, 480.0, 985213.6301773543, 383.0
63, 0.002158431470338001, -0.009045291609997941, 705.0, 652790.6231922922, 348.0
64, 0.0025327739458889994, -0.0025758812034461735, 624.0, 571940.6275655518, 330.0
65, 0.0018890622655904936, -0.005602692310893393, 673.0, 962193.4542267596, 344.0
66, 0.005349936916438148, -0.0077976860951919705, 707.0, 857133.727140449, 346.0
67, 0.0017079842017443292, -0.0054587093555868715, 676.0, 583674.8197305087, 364.0
68, 0.0030795094094014175, -0.00018168262673137932, 751.0, 991896.916119053, 362.0
69, 0.006553422911142142, -0.010392142005495665, 584.0, 894728.7179314599, 358.0
70, 0.0046627433090463966, -0.008215851302274115, 495.0, 815733.6689131764, 360.0
71, 0.006709914733223433, -0.011209002640329504, 431.0, 689068.4916545011, 333.0
72, 0.009244145829258584, -0.0010430521111151128, 777.0, 536809.348198207, 340.0
73, 0.0036531298172913615, -0.011237253130416845, 579.0, 619428.6636420975, 328.0
74, 0.0058638677613755885, -0.008924461872594611, 694.0, 657440.0699150248, 320.0
75, 0.004302788093280616, -0.0016862123049338259, 600.0, 605398.225358115, 292.0
76, 0.009955221580958799, -0.01158325746164447, 690.0, 503563.6329588828, 352.0
77, 0.001160477117523857, -0.004918769102833005, 572.0, 444438.54313800245, 381.0
78, 0.006132342259734988, -0.0031386968570944005, 525.0, 507686.28740164335, 327.0
79, 0.009735768996919567, -0.0029283988289210503, 535.0, 774373.1916476183, 316.0
80, 0.008762576195398122, -0.006316338132022008, 416.0, 764077.5790470433, 312.0
81, 0.0020194966110096456, -0.004106124135314075, 701.0, 420311.3676510008, 298.0
82, 0.004071360553040556, -0.008149854314447535, 631.0, 541614.2039455334, 336.0
83, 0.006611353769675165, -0.0008278914566624673, 521.0, 557790.8810113948, 353.0
84, 0.003037780879244412, -0.0005002796842405715, 540.0, 729447.4647795133, 319.0
85, 0.004893812681917603, -0.009352094023463216, 776.0, 491305.2347781174, 313.0
86, 0.004464720389084518, -0.011009635263111127, 717.0, 725968.720022996, 374.0
87, 0.0014779268964007276, -0.0028387446891688962, 434.0, 948964.0685510708, 331.0
88, 0.009517167732241292, -0.0033507767178724383, 795.0, 592400.3137260417, 294.0
89, 0.00313571914344783, -0.00483519459934053, 599.0, 846622.9859167826, 309.0
90, 0.007870407257572758, -0.006364216340111546, 671.0, 436777.5835024782, 383.0
91, 0.00825482592891694, -0.00897167774605884, 558.0, 870251.1464930396, 365.0
92, 0.001801024845269691, -0.009463263718120014, 566.0, 717536.0753259184, 377.0
93, 0.0037430189922263326, -0.005855455357850859, 527.0, 661541.9201938219, 400.0
94, 0.00455114079843325, -0.0093890738628611, 503.0, 455516.9789341996, 391.0
95, 0.0024566357772159465, -0.0013894438945807226, 758.0, 463650.3690115243, 339.0
96, 0.004287562088787823, -0.010823037446326199, 747.0, 873619.4363978958, 370.0
97, 0.004778890422094222, -0.0037209808897571833, 767.0, 912728.0329273212, 332.0
98, 0.009418175029685134, -0.005379372260544447, 409.0, 757634.22656406, 367.0
99, 0.005413713988807801, -0.00511088084580976, 764.0, 551369.8619770161, 396.0
100, 0.0027482787873711204, -6.696872929480915e-06, 530.0, 889183.5091249472, 385.0
101, 0.004204762348240085, -0.010358699479920942, 532.0, 735519.7841494821, 351.0
102, 0.009529509342949893, -0.0002897653858462638, 597.0, 738906.6765248657, 322.0
103, 0.0024126622955950696, -0.0016110154249670185, 545.0, 522231.93960768514, 321.0
104, 0.0023624549199808146, -0.0011482727339914497, 474.0, 824857.4789807451, 354.0
105, 0.007937042605368495, -0.006548455433212677, 639.0, 442870.5813268322, 295.0
106, 0.0089037362353423, -0.006187119807793729, 438.0, 418019.6433521399, 356.0
107, 0.002805276530828473, -0.003586382335496, 448.0, 850490.1594142644, 393.0
108, 0.007805523831168344, -0.011088800011830418, 548.0, 483862.16312195006, 302.0
109, 0.005779509420183199, -0.00882871981032594, 550.0, 747924.9629897337, 324.0
110, 0.0015522766215373485, -0.004055291234165299, 465.0, 720678.5555520849, 393.0
111, 0.0062881839673808206, -0.007555567207118536, 683.0, 534047.866130325, 380.0
112, 0.0020571119954693427, -0.0015559234652124145, 609.0, 966523.0228012311, 390.0
113, 0.008381183847615792, -0.000942501228399761, 614.0, 451935.79861002846, 340.0
114, 0.005162547255667384, -0.0072408924616445365, 463.0, 404183.58120457816, 342.0
115, 0.008648808887741909, -0.00379690937012782, 543.0, 713046.3424935577, 306.0
116, 0.009792885533899578, -0.007103764081439521, 715.0, 808064.0179275486, 300.0
117, 0.0075561681959328, -0.006804153302211537, 624.0, 994209.4957353725, 399.0
118, 0.0022581589084212745, -0.0091916838675926, 769.0, 697127.8504068044, 308.0
119, 0.001015447696178118, -0.006758251397130559, 662.0, 402515.1725614714, 350.0
120, 0.0026698834142743827, -0.0006479008417982126, 428.0, 926566.8335084307, 398.0
121, 0.007146656931263964, -0.007740076422332944, 737.0, 567218.7456543022, 310.0
122, 0.007296467104930607, -0.011815832925801751, 575.0, 839142.4790282676, 343.0
123, 0.0019157336202192386, -0.00562816143623954, 607.0, 806088.8188136336, 363.0
124, 0.006676707664557569, -0.008380411252964827, 680.0, 940374.6585630678, 379.0
125, 0.009937809102539708, -0.00701832241239832, 665.0, 669602.279592665, 347.0
126, 0.005255338946105292, -0.01252773105301086, 701.0, 511742.3220976358, 345.0
127, 0.008378706896395024, -0.0029414003680581034, 633.0, 627763.0453364598, 356.0
128, 0.002687674543731824, -0.005724447550265689, 482.0, 885415.8923765832, 297.0
129, 0.0044920349994158025, -0.012351484290960472, 459.0, 865982.0858665921, 326.0
130, 0.0029152268980089944, -0.010680081666545684, 404.0, 704117.4039458816, 348.0
131, 0.008176022102316952, -0.011928437396788793, 754.0, 687834.9294350883, 307.0
132, 0.005297683256878594, -0.004425773058854056, 756.0, 969763.1996143642, 313.0
133, 0.0031744818091018322, -0.0024435049449684255, 732.0, 761074.0868144168, 309.0
134, 0.005009230016744311, -0.005981993694403529, 593.0, 495825.0975265751, 371.0
135, 0.007761537846633349, -0.004298814986353015, 537.0, 513860.48052077886, 325.0
136, 0.009280193752007577, -0.008597706448114507, 413.0, 498054.7016768338, 338.0
137, 0.007433428583896782, -0.003994201201893168, 612.0, 424473.22551884264, 303.0
138, 0.004161494983694109, -0.0007460633750775332, 636.0, 414200.09142030636, 355.0
139, 0.003918000182468188, -0.005196640126592979, 693.0, 854549.265634673, 387.0
140, 0.00900580872102879, -0.006650821929564232, 654.0, 897527.5477193702, 353.0
141, 0.0017248662255241552, -0.005103957032279488, 415.0, 587473.4857029552, 386.0
142, 0.006475120852376312, -0.004495216850224516, 789.0, 916250.536400622, 362.0
143, 0.008445230303187355, -0.007444049684087961, 425.0, 526352.1539398351, 311.0
144, 0.005104201838543015, -0.012467728814766496, 687.0, 883893.8131284481, 382.0
145, 0.0064393414119324095, -0.006034760731345799, 794.0, 911948.8225123412, 292.0
146, 0.008830757560568222, -0.007995886567624757, 653.0, 612997.5143520075, 324.0
147, 0.00690452959305666, -0.011721903611044377, 486.0, 430778.1635636335, 296.0
148, 0.007986841115795696, -0.0042031165912901815, 557.0, 640113.4746302026, 372.0
149, 0.007306909815641352, -0.007670191215285508, 456.0, 930599.595473829, 387.0
150, 0.005955352583391631, -0.0021479062734409433, 661.0, 779572.1200521882, 375.0
