434.393948256177
434.394257771995
434.394499628277
434.394551100654
 434.39446685767
 434.39423020568
434.393845318786
434.393318577956
434.392643018563
 434.39182948499
434.390868726812
434.389771897555
434.388529451372
434.387151946922
434.385629986587
434.383973358908
  434.3821729086
 434.38023763985
434.378158654221
434.375944190656
 434.37358560345
434.371090390249
434.368450149152
434.365671659141
434.362746751531
434.359681506813
434.356467978025
434.353111564834
434.349604529799
434.345951607121
434.342145256017
434.338189558492
434.334077156917
434.329811492505
434.325385376629
434.320801619442
434.316053186493
434.311142265134
434.306061959553
434.300813841246
434.295391136743
434.289794807478
434.284018185194
434.278061626051
434.271918548958
434.265588708727
434.259065592366
434.252348356525
434.245430536113
434.238310692195
 434.23098238612
434.223443585447
434.215687855097
434.207712570833
434.199511276713
434.191080758162
434.182414512202
434.173508735254
434.164356849205
434.154954462816
434.145294892612
434.135373161188
434.125182447149
434.114717188722
434.103970391463
434.092935911507
434.081606543435
434.069975564219
434.058035516478
434.045779101817
434.033198566582
434.020286041894
434.007033429897
 433.99343229745
433.979474150659
433.965149999946
433.950450899302
433.935367312454
433.919889780621
433.904008232818
433.887712631895
433.870992386741
433.853836810905
433.836234810742
433.818174973821
433.799645724991
433.780634842976
433.761130296057
433.741118964581
433.720588389639
433.699524456496
433.677914313424
433.655742746194
433.632996550236
433.609659299134
433.585717481732
433.561153337821
433.535953102924
 433.51009755188
433.483572727936
433.456357799558
433.428438687414
433.399792801163
433.370406018156
433.340253825015
433.309322145602
433.277584366622
433.245026559926
433.211619821879
433.177350486617
433.142187155238
433.106116552541
433.069104563919
433.031138448643
432.992181139384
432.952220590589
432.911216527473
432.869157778829
432.826000588755
432.781734859718
432.736313060843
432.689726389556
432.641923224612
432.592896303581
432.542589576478
432.490997592169
432.438059509087
 432.38377198672
432.328069003005
432.270949657931
432.212342332182
432.152248929633
432.090591784981
432.027376017949
431.962517370821
431.896024986181
431.827807503795
 431.75787668028
431.686136466073
431.612599773352
431.537166253251
431.459849842237
431.380545913205
431.299269399441
431.215911402758
431.130487827806
431.042885529144
430.953121350482
430.861077943962
430.766773051634
 430.67008519146
 430.57103295362
430.469490815878
430.365478155692
430.258865532838
430.149673039273
430.037767469813
429.923169544817
429.805742480687
429.685507525228
429.562324539325
429.436215180702
429.307036216927
429.174809579661
 429.03938924774
428.900797270243
428.758885187438
428.613674986463
428.465016168106
428.312930452811
428.157265753371
427.998043290559
427.835109896701
427.668486028546
427.498018005323
427.323725220542
427.145454111548
426.963222670627
426.776878152534
426.586436767217
426.391747358716
426.192823925518
 425.98951775023
425.781840137246
425.569645739666
425.352942625462
425.131589838493
424.905591601289
424.674812463384
424.439252118187
424.198781837534
423.953396018296
423.702973980912
423.447503964162
423.186874782184
422.921067547984
422.649982143851
422.373591469309
422.091808190959
421.804595770916
421.511881532567
421.213618121481
420.909749564058
420.600216132525
420.284980797299
419.963969696096
419.637167204689
419.304483328698
418.965926562265
418.621388506119
418.270904776245
417.914345973088
417.551778176783
417.183048011025
416.808255762175
416.427220646694
416.040081376465
415.646625784121
415.247035803126
414.841063241843
414.428938757501
414.010372677217
 413.58565076068
413.154435379125
412.717074877607
412.273175909661
411.823158302219
411.366563573915
410.903893772185
410.434613694005
409.959320794777
409.477388657414
408.989526662838
408.494998697189
407.994647233626
407.487602335217
406.974867429186
406.455406361792
405.930421383718
405.398665089118
404.861592081413
404.317678271361
403.768710106464
403.212786101963
402.652150448261
402.084356446757
401.512323824245
400.932746117277
 400.34964719071
399.758141298962
399.164390425057
398.559334924525
397.954223581955
 396.66936196322
396.027846685351
395.387423639036
394.753345324368
394.111627004944
393.470474630337
392.821941722293
392.172504960034
391.516275499697
390.858579945748
390.194624451042
 389.52897451218
388.857531498708
388.184327382765
387.505749192876
386.825387551973
386.140133878161
385.453094965917
 384.76160382973
384.068382683242
 383.37111930313
382.672222306605
381.969671431008
381.265614110723
380.558275077673
379.849580388264
379.137963646712
378.425160485461
377.709784938157
376.993406779087
376.274797620404
375.555381223731
374.834068097253
374.112152277238
373.388667655523
372.664792101931
371.939669832428
371.214373986201
 370.48814797048
369.761969956426
369.035172943159
 368.30864856321
367.581811043097
 366.85547283363
366.129122029063
365.403498385462
364.678157330399
 363.95377170146
363.229958408562
 362.50732856278
361.785555275695
361.065192640857
360.345965169965
359.628374246908
358.912191386999
358.197869237816
357.485222266159
356.774658076677
356.066030329841
355.359705045701
354.655571573335
353.953957608648
353.254784902284
352.558345919467
351.864591714223
351.173782473347
350.485895620283
349.801161896021
349.119582302788
348.441360866874
347.766519504179
347.095238171144
346.427557142534
345.763634876422
345.103527548844
344.447374628537
343.795245821163
343.147264061969
342.503510290794
341.864093319981
341.229103095829
340.598636679867
339.972790857501
339.351653278876
 338.73532545508
338.123887936704
337.517444895368
336.916072070759
 336.31987427319
335.728924700804
335.143326819701
334.563153540042
333.988505035842
333.419456170185
332.856101908712
332.298521298584
331.746802209272
331.201030096122
 330.66128387036
 330.12765761516
 329.60021944466
329.079074287534
328.564277642971
328.055947503318
327.554124953893
327.058943271859
326.570427346829
326.088727967405
325.613852061068
325.145970162569
324.685069484691
324.231342553818
323.784755127946
323.345523984218
322.913591696956
322.489201569821
322.072271274659
321.663072937272
321.261497617297
320.867848581605
320.481988576092
320.104254354634
319.734478655319
319.373034095991
319.019721719777
318.674952420805
318.338493866562
318.010797679828
317.691596478046
 317.38138511022
317.079859475667
316.787560197963
316.504144796776
316.230202275484
315.965350119713
315.710228381488
315.464412866129
315.228597414123
315.002314513668
314.786314612611
314.580085256545
314.384436407649
314.198809057252
314.024075686899
313.859629139072
313.706407528845
313.563753976347
313.421150088083