820786.245824595
820786.451515302
820806.875636299
820817.442030648
820826.605552963
820836.095075607
820839.601531297
 820845.52449158
820844.703158984
820846.567011233
820841.770729932
820839.518229674
820830.866286809
820824.524889361
 820812.07108554
 820801.67477435
820785.445967155
820771.018298464
820751.023668118
820732.574491336
820708.808113564
820686.333273346
 820658.77509498
820632.256717324
820600.873090165
820570.279921372
820535.023961594
820500.311647653
820461.123487214
820422.234774272
820379.041724656
820335.906581214
820288.623218711
820241.158883853
820189.687062322
820137.798024503
820082.026820243
820025.604730546
 819965.41032303
819904.333846256
819839.579337832
819773.713944142
819704.249121259
819633.446820636
819559.107858648
819483.206879964
819403.815993164
 819322.64040929
819238.005447455
819151.364747484
819061.278739927
818968.967349329
818873.207997138
818775.004746398
818673.333863373
818569.001405486
818461.164308056
818350.448485052
818236.173331325
818118.802489893
817997.799567872
817873.483824045
817745.444788933
817613.875241711
817478.472302231
817339.320196021
817196.205249583
817049.121085289
816897.924801932
816742.537396595
816582.868251607
816418.783746551
 816250.22700181
816077.027819345
815899.144453514
815716.388202407
815528.713790295
815335.932120382
 815137.97566198
814934.673068553
 814725.91576852
814511.568347341
814291.462345992
814065.516500205
813833.483557414
 813595.35465789
 813350.78479175
813099.855792928
 812842.10587544
812577.725889188
812306.118201804
812027.601032383
811741.421784823
811448.044428676
811146.542245104
810837.543359914
810519.927737294
 810194.50608551
809859.945829812
809517.258702718
809164.880349505
808804.041978866
808432.928205836
 808053.00817117
807662.196211249
807262.217851916
806850.697916718
806429.636759213
805996.350483899
805553.132696054
805096.971617992
804630.472503188
804150.276588254
803659.319134212
803153.875366071
802637.228864378
802105.269913722
801561.648667872
801001.851660238
800429.913801708
799840.899204253
799239.245637879
798619.576287288
797986.749789049
797334.930084569
796669.414576719
795983.889864198
795284.109894486
794563.266069522
793827.586521007
793069.749891503
  792296.4758983
791499.913623676
 790687.28922217
789850.218159525
788996.382225862
 788117.05015991
787220.055466279
786296.583087562
785354.487937806
784384.922755838
783395.735832509
782378.070456372
781339.748528525
780271.924482937
779182.374859414
778062.285751383
 776919.36961612
775744.864784408
 774546.40114817
773315.289916375
772059.060199067
 770769.11677445
769452.870051467
768101.839103961
766723.298049052
765308.901001696
763865.768555797
762385.710614222
760875.677405659
759327.655349872
757748.407886516
756130.118642894
754479.348291005
 752788.49829617
751063.911053981
749298.226415048
 747497.55348137
745654.790928824
743775.800058307
741853.758678679
739894.266305652
737890.800030996
735848.684133266
733761.714953461
731634.928615945
729462.460468027
727249.046093874
724989.179370021
 722687.28347397
720338.230076622
 717946.11858189
715506.217440944
713022.291387181
710490.024340351
 707912.83589632
705286.843819956
702615.112480727
699894.211544848
697126.840379938
694310.038288162
691446.130094221
688532.642157127
685571.515357014
682560.780236409
679501.984355949
676393.679308014
673237.009852833
670031.065290429
666776.577838311
663473.191027233
660121.214346713
656720.862047688
653272.010051353
649775.459919425
646230.642261039
642638.962816894
638999.393944858
635313.962938924
631581.169425212
627803.680425187
 623979.50639844
620111.973444395
 616198.58396846
612243.344156993
 608243.22641133
604202.940291525
 600118.90242734
595996.552116515
591831.719681139
587630.604637901
583388.414478724
579112.144904871
574796.336480923
570448.824363095
566063.428403771
561648.876251837
557198.200702805
552721.088097693
548209.701273306
543674.769407757
539107.480208618
534519.714701135
529901.549616793
525266.162023411
520602.338342869
515924.747028204
511220.641041434
506506.452496924
501767.560033471
497022.552568989
492254.435740063
487484.549265485
482692.753897075
477904.093646277
473093.992552324
468292.864714454
 463469.26829696
458662.287727029
453828.046487214
449022.293536681
444168.609835527
 439362.24991573
429403.721361328
424512.991437026
419678.014002929
414937.269099061
410185.947096809
405485.226674191
 400777.18912406
396109.393323074
 391439.93858228
386807.252852029
382177.984043677
377584.444453231
372998.725925525
368448.790165485
363910.543390102
359408.368733833
354921.960152824
350471.963091763
346041.310915575
341647.685986745
337276.582541473
332943.275360515
328635.328298235
324366.020278236
 320124.61716988
315922.716168573
 311751.00249491
307619.637234538
303520.502688022
299462.519976663
295438.590400442
291456.554661552
287510.188111891
283606.382928808
279739.668936836
275916.100403343
272130.861825974
268389.263528667
264687.060552684
261028.900024098
257411.035987835
253837.522473666
 250305.05123111
 246817.14461627
243370.879206728
 239969.29994606
236609.822358509
233295.062259977
230022.734100385
226795.067811922
223610.041697224
220469.538753306
217371.770269222
214318.307559516
211307.567631903
208340.842161868
205416.729703393
202536.271525287
199698.226231118
196903.411433216
194150.726611272
191440.790263056
188772.625596111
186146.674557482
183562.068705997
 181019.09421899
178516.977184975
176055.867176911
173635.072360134
171254.623397376
168913.899285921
166612.828127324
164350.849574643
162127.804283329
159943.183333574
157796.753914659
155688.050147055
153616.778687394
151582.509058756
149584.899352616
147623.547524839
145698.074176589
143808.099322901
141953.216324355
140133.061414463
138347.210200401
136595.309770344
134876.926761025
133191.714178552
131539.237822648
 129919.15206339
128331.029398934
 126774.52135253
125249.214106976
123754.752435627
122290.742689229
120856.819264087
119452.614703483
118077.749646771
 116731.88843791
115414.634800795
114125.690112307
112864.638220368
111631.222430216
110425.003930024
109245.772549736
108093.064191413
106966.719543568
105866.246735599
104791.541421557
103742.081595333
102717.821791404
101718.207614319
 100743.25623596
99792.3787132554
 98865.658488281
97962.4699953377
97082.9664888073
 96226.483777412
  95393.24841275
94582.5556368961
93794.7087600722
93028.9605693406
92285.6946056775
91564.1193573442
90864.7021139325
90186.6052584809
89530.3834288701
88895.1511278291
88281.5540607548
 87688.657101449
87117.2009011848
86566.1989790115
86036.4910116163
85527.0374581045
85038.7813464856
84570.6283909674
84123.6295919996
83696.6342555843
83290.8063242667
82904.9370580432
82540.3087185955
82195.6529142856
81872.3760757737
81569.1485964633
81287.5074718638
81026.0603734756
80765.6655179967