6.06346309216561
6.06345597097118
6.06360009955485
6.06367672037078
6.06374676654833
 6.0638234760972
 6.0638601251331
6.06391858639799
6.06393137986476
6.06396786220097
6.06395925355619
6.06397323604773
6.06394400785828
6.06393561940199
6.06388610744057
6.06385555463368
 6.0637859273903
6.06373336931326
6.06364369420442
6.06356921724228
6.06345947825188
6.06336309291062
6.06323319680958
6.06311483901136
6.06296461856208
6.06282415152303
6.06265336759826
6.06249058344946
 6.0622989265324
6.06211354752601
6.06190063872393
6.06169231801428
6.06145770963893
6.06122603165693
6.06096920740291
6.06071368784526
6.06043406258947
6.06015414804188
6.05985106728263
6.05954613449289
 6.0592188734439
6.05888822825826
   6.05853599061
6.05817886658415
6.05780078294329
6.05741633963676
6.05701146565208
6.05659878661395
6.05616610079587
6.05572419124765
6.05526259248743
6.05479037670838
6.05429868150155
6.05379499992038
6.05327193929812
  6.052735545294
6.05217976146539
6.05160931788069
6.05101936058788
 6.0504134359539
6.04978775854136
6.04914482301808
6.04848177821683
6.04780019924663
6.04709803467323
6.04637607234847
6.04563292571848
6.04486872786185
6.04408262191711
6.04327421887396
6.04244305602238
6.04158835516367
6.04070991183072
6.03980669176539
6.03887861245599
6.03792451695176
6.03694430802237
6.03593683963443
6.03490186277473
6.03383837618246
6.03274584160777
6.03162353666051
6.03047049601648
6.02928641049076
6.02806974947366
6.02682075154575
6.02553718224339
6.02421996268296
6.02286601564301
6.02147707973579
6.02004909577119
6.01858475498151
6.01707887672487
6.01553524011141
6.01394740333412
6.01232036873598
6.01064629345074
6.00893153846463
6.00716671983441
6.00535969260785
6.00349939168881
6.00159530155897
5.99963453590943
5.99762834392258
5.99556187811571
5.99344828746723
5.99127062355078
5.98904406999247
5.98674943794537
5.98440408021256
5.98198642845441
5.97951613877298
5.97696912479032
5.97436747953086
5.97168446069132
5.96894473124554
5.96611875587911
5.96323389984221
5.96025769867773
5.95722035142904
5.95408632948249
5.95088879626582
5.94758902528664
5.94422327390133
 5.9407494854922
5.93720713971552
5.93355071925148
5.92982305312238
5.92597503460741
5.92205296769587
5.91800402978431
5.91387812317756
5.90961858869277
5.90527903041212
5.90079892891498
5.89623519266554
5.89152484365927
5.88672586561891
5.88177471378187
5.87672951392791
5.87152652409391
5.86622380590677
5.86075758441431
5.85518570943064
5.84944452146102
5.84359151633103
5.83756329738985
5.83141686592007
5.82508923543998
5.81863677367564
5.81199705153989
5.80522566593366
5.79826089216952
5.79115742102854
5.78385437887413
 5.7764054172803
5.76875065981703
 5.7609425882064
 5.7529224687368
5.74474148530945
5.73634219164451
5.72777434875868
5.71898194155865
5.71001318624028
5.70081364152877
5.69142986020129
5.68180911614346
5.67199618365099
5.66194019165323
5.65168402461444
 5.6411788047645
5.63046541925338
 5.6194971200766
5.60831269358039
5.59686765603993
5.58519859359433
 5.5732634192106
5.56109642355723
5.54865804646515
5.53598019201742
5.52302595471944
5.50982476506021
5.49634249756924
5.48260602613837
5.46858412813857
5.45430104170071
5.43972856728575
5.42488823169945
5.40975497617947
 5.3943475439199
5.37864413211989
5.36266063093869
5.34637860634475
5.32981102838489
5.31294294243111
5.29578433305163
5.27832383378171
5.26056837929009
5.24251029857519
5.22415341201367
5.20549385046297
5.18653225455232
 5.1672686632171
5.14770046952682
5.12783172747475
5.10765651086598
5.08718299768971
5.06640186506426
 5.0453255273908
 5.0239411797809
5.00226559086555
4.98028237791083
4.95801278943368
4.93543675531759
4.91258014055284
4.88941906050628
 4.8659841481066
4.84224755463194
4.81824485236281
4.79394405038067
4.76938585825616
4.74453392842504
4.71943434083988
4.69404613033232
4.66842102696168
4.64251312698092
4.61638015243994
4.58997086169425
4.56334939423354
4.53645866738825
4.50936977728605
4.48201915696843
 4.4544855558355
4.42669808583588
4.39874406891296
4.37054418429915
4.34219556928627
4.31360895506441
 4.2848930236906
4.25594642452512
 4.2268918783549
4.19761281982091
4.16824977312017
4.13866609559267
4.10902615426096
4.07916507484219
4.04928161444069
4.01916731286178
3.98907620934544
 3.9587210288033
3.92846169592587
3.89780485924507
3.86736091320885
3.80422932748039
3.77309497695683
3.74221483609921
3.71183794237059
3.68129383128983
3.65097566488943
3.62050973558134
3.59020343137947
3.55978438886804
3.52950262965747
3.49913986342912
3.46890782297539
3.43862264792397
3.40846894362474
3.37828697323711
 3.3482389744009
3.31818951307309
3.28827709688159
 3.2583872415377
3.22863961390612
3.19893638566565
3.16938188534029
3.13989182995528
3.11055780182019
3.08130673329817
3.05221943478125
3.02323225965045
 2.9944167871089
2.96571737766605
2.93719760715885
2.90880870734153
2.88060724724071
2.85255040212152
2.82468855628805
2.79698405992387
2.76948180070597
2.74214865905581
2.71502460957583
2.68808051628754
2.66135194154734
2.63481326502615
2.60849607136215
2.58237785188565
2.55648659428018
2.53080255013162
2.50535044685574
2.48011298857092
2.45511194260477
2.43033219450579
2.40579282115803
 2.3814806493982
2.35741230953089
2.33357635591357
2.30998719417054
2.28663491503599
2.26353190247354
2.24066961197761
2.21805859250391
2.19569150964235
 2.1735772496869
2.15170954845041
2.13009578930562
2.10873065138456
2.08762016368711
2.06675983318009
2.04615447303005
2.02580031264865
2.00570107889745
1.98585362719833
1.96626071947267
1.94691974868864
1.92783262575498
1.90899719983762
1.89041463795077
1.87208317047861
1.85400332139695
1.83617363304367
1.81859408143286
1.80126345673065
1.78418127671601
 1.7673465198884
1.75075833055419
1.73441582023053
1.71831783990059
1.70246358256108
1.68685168173031
1.67148136376521
1.65635111658513
1.64146015488482
1.62680688913769
1.61239048016148
1.59820932568799
1.58426249298929
1.57054842856264
1.55706606877525
1.54381396744105
1.53079089475766
1.51799556768431
1.50542655688263
1.49308279579015
1.48096262388498
1.46906524214223
1.45738872876351
1.44593260126555
 1.4346946478836
1.42367474984064
1.41287037797938
1.40228182276896
 1.3919062113681
1.38174428762156
1.37179280972796
1.36205301784168
1.35252127682999
 1.3431993651124
1.33408323065594
1.32517523134179
1.31647087537543
1.30797314076141
 1.2996770737023
1.29158631268214
1.28369542019868
 1.2760087355021
 1.2685203161493
1.26123524261905
1.25414704669127
1.24726159096699
1.24057186095341
1.23408454296628
1.22779205603425
1.22170195276313
 1.2158060657453
1.21011285773583
1.20461355514838
1.19931757635273
 1.1942155220354
1.18931781360121
1.18461440664794
1.18011677536835
1.17581421110274
1.17171929332979
1.16782063018187
1.16413196212128
1.16064119538695
1.15736329082598
1.15428543443662
  1.151423871116
1.14876504871556
1.14611547627094