696040.903466845
696040.945179736
696057.501605285
696066.042596911
696073.542675958
696081.501017875
696084.503511353
696089.793040897
696089.428760985
696091.606917243
696088.183557329
 696087.18592573
696080.805434075
696076.646769207
 696067.35223727
696060.056220769
696047.867227105
696037.450320125
696022.371753283
696008.839779771
695990.864296408
695974.211964453
 695953.32086687
695933.531915802
695909.695588898
695886.743021198
695859.921204533
695833.767480032
695803.909445145
695774.506613153
695741.551266937
695708.841034384
695672.716956946
695636.630695273
695597.256117249
695557.714811322
695514.997534239
 695471.91167624
695425.748938788
695379.018369515
695329.296661984
695278.810361533
695225.405190232
695171.041019589
695113.816622628
695055.441017347
694994.250032825
694931.717649611
 694866.40073691
 694799.55405367
694729.939468329
694658.608337967
694584.511460339
694508.512618406
694429.735436107
694348.871962175
694265.202506182
694179.263238707
694090.474972789
693999.233877063
693905.085040146
693808.300528867
693708.533429811
693605.947635713
 693500.28789996
693391.625899889
693279.781667368
  693164.7506572
693046.411730906
692924.700150686
 692799.53709534
692670.813704077
692538.476894369
692402.389793994
692262.508411963
692118.684020059
691970.865001327
691818.906972393
691662.733901108
691502.221996301
691337.253948856
691167.742854383
690993.513192254
690814.531286873
 690630.54639919
690441.594471592
690247.332468432
690047.882385671
689842.791743474
689632.285072067
689415.783233056
689193.629814853
688965.101742866
688730.678228414
688489.474924204
688242.123266944
687987.560246662
687726.586162061
 687457.94190345
687182.613297969
686899.127659631
686608.673035363
686309.545655423
686003.152497214
685687.541178773
685364.354331752
685031.373423654
684690.493470309
684339.212252988
683979.693900206
 683609.13498777
683229.985475687
682839.123246823
682439.300792845
  682027.0598647
681605.472157656
 681170.72591852
680726.228679646
 680267.79789802
679799.193527261
 679315.84505672
678821.881384745
678312.326985982
677791.696154263
677254.591457628
676705.928950974
676139.872584933
675561.756442803
674965.289356265
674356.239589052
673727.844608628
 673086.32279218
 672424.42473382
671748.832350381
671051.806090367
670340.443643236
669606.687441532
668857.772323666
668085.563803146
667297.313306652
666484.857601393
665655.438573523
664800.885081451
663928.411373674
663029.857098016
662112.391552486
661167.883804213
660203.441113701
 659210.98068435
658197.530862796
657155.075794899
656090.548275508
654996.018277567
653878.306676112
652729.588221231
651556.555801883
650351.507946236
649120.993824369
647857.454778329
646567.280891024
645243.075371508
643891.054241676
 642504.00162902
641087.944943291
639635.868259666
638153.596273324
636634.331992315
635083.683766596
633495.092455053
631873.936922977
630213.914706582
628520.162553289
626786.653386548
625018.269718767
 623209.27842827
621364.296195127
619477.902252106
617554.436366197
615588.808330662
613585.070424102
611538.480988381
609452.794723711
607323.636268135
605154.453108647
602941.253666745
600687.168995246
598388.608510297
596048.377969769
593663.304709265
591235.860623707
588763.307603508
586247.775322736
583686.976578779
581082.690577436
578433.097110259
575739.616659227
573000.911865536
570218.036083615
567390.150480215
564517.932565746
561601.057604605
558639.818041079
555634.418810593
 552584.75733731
549491.583944232
546354.390083239
543174.487512473
539950.949446179
536685.665702034
 533377.27730229
530028.269644735
526636.835463347
523206.074566423
 519733.71260873
516223.484485173
512672.626601348
509085.532157206
505458.921898936
501797.874003507
498098.561803735
494366.779781988
490598.115318216
486799.116791877
482964.738380886
479102.328395743
 475206.14922536
471284.406595925
 467330.59750037
463353.858259332
459346.826534588
455319.664251688
451264.027572235
447191.230010294
443091.783592312
 438978.32446646
  434839.9976063
430691.000497079
426518.793864647
422339.480837428
418138.363628681
413933.968032213
409708.678164287
405484.257216507
401238.823282772
396998.726192444
392734.979448152
388480.725714075
384191.453270417
379907.090857611
375502.869071018
368395.857900164
362950.705626809
358598.876590843
354316.420155071
350119.567190577
345922.054182655
 341769.96286013
337615.766746948
333497.395994153
329380.419772631
325296.205364256
  321217.2453861
317170.253399487
313132.122314889
309126.158621328
305132.341592487
301171.376361907
297225.545672552
293313.254085418
289419.297720226
285559.492676903
281720.877615097
277917.152458128
274137.173094898
270392.876777892
266674.616987888
262992.839684938
259339.149428564
255722.714193277
252136.195287758
248587.653830622
245070.651865015
241592.283433206
238146.884116464
 234740.69688159
231368.725780201
228036.460341893
224739.485319875
221482.620033601
218261.955905928
215081.713795046
211938.428820501
208835.785860385
205770.709769557
202746.404348046
199760.137646814
196814.681016468
193907.605336053
191041.292882886
188213.582170358
185426.505332552
182678.137694281
179970.196373514
177300.966400185
174671.881718057
172081.413134857
169530.740397352
167018.498897171
164545.640641279
162110.946772696
159715.165780847
157357.207776227
155037.639956083
152755.486398457
 150511.15343752
148303.765677854
146133.587394195
143999.831643195
141902.637965203
139841.296995792
137815.839514979
135825.623922997
133870.586974564
131950.145955946
130064.157191832
128212.088804501
126393.729232955
 124608.59012087
122856.403595228
121136.718160439
119449.220307553
117793.489323677
116169.175909559
114575.884576913
 113013.23931341
111480.864762036
109978.366563913
108505.384815968
107061.514522586
105646.406930148
104259.653510103
102900.912688311
 101569.77894891
100265.914227642
98988.9220540435
97738.4644740521
96514.1596253634
95315.6665070447
94142.6229986426
92994.6821133844
91871.5062162886
90772.7395918023
89698.0734812543
88647.1408734357
87619.6659597546
86615.2680244539
 85633.708000036
84674.5891988685
83737.7128358529
82822.6641107427
81929.2878443367
81057.1490959622
 80206.139428941
79375.8018348052
78566.0775992472
77776.4858076423
 77007.020320529
76257.1745573027
75526.9977073543
74815.9558332689
74124.1561374129
73451.0356950082
72796.7623640534
72160.7426542446
71543.2077089488
70943.5319395072
70362.0124203039
69797.9899705557
69251.8302866624
68722.8391356375
68211.4536025823
67716.9429714136
67239.8185898447
66779.3118535228
66336.0113871272
65909.1093162376
65499.2747324883
 65105.659131836
64729.0154763108
64368.4532954114
64024.8130794841
63697.1610796397
63386.4292717567
63091.6393457588
62813.8190690203
62551.9443234506
62307.1433779542
62078.3451056398
 61866.783452961
61671.3391429449
61476.6353389532