524.169671868578
524.170331646708
524.170840118036
524.170939593263
524.170748141969
524.170228016823
524.169389783681
524.168246062171
524.166782425461
 524.16502184456
524.162944423063
524.160574083796
524.157890079044
524.154915124186
524.151628705248
 524.14805187936
524.144164611857
524.139986249092
524.135497280714
524.130715377993
 524.12562155101
524.120231846941
524.114527779607
524.108523821573
 524.10220196949
 524.09557516574
524.088625866707
524.081365523527
524.073777027461
524.065870372066
524.057628856909
524.049061046736
524.040150621051
524.030904740007
524.021307432761
524.011364474909
524.001060212902
523.990399053953
523.979365627236
523.967962984229
523.956175999859
523.944006379303
523.931439203704
523.918474838491
523.905098528733
523.891309304099
523.877092528326
523.862445897094
523.847354844372
523.831815731737
523.815814011533
523.799344709588
523.782393241086
523.764953293282
523.747010184688
523.728556260344
523.709576678291
523.690062437276
523.669998466405
   523.649374414
523.628174906707
523.606388238636
 523.58399865493
523.560993092471
523.537355329846
523.513070944879
523.488123157993
 523.46249618779
523.436172597744
523.409135249226
523.381365942162
523.352846185361
 523.32355690006
523.293478250436
523.262590154583
523.230871443856
523.198300898609
 523.16485603376
 523.13051434628
523.095252056356
523.059045219933
523.021868790339
522.983697211821
522.944504205789
522.904262420002
522.862944386995
522.820520757948
522.776962928782
522.732239337482
522.686320306066
522.639171824841
 522.59076321646
522.541057769813
522.490023896036
522.437621908098
522.383819408445
522.328573437265
522.271850907923
522.213605266922
522.153802876913
522.092393243969
522.029342339324
521.964595354127
521.898118050777
 521.82985090123
521.759759667498
521.687779666147
521.613876895911
521.537981047555
521.460058625342
521.380033187198
521.297872046717
521.213492082746
521.126861760556
521.037890691766
520.946548878073
520.852738030922
520.756430119737
520.657518274996
520.555976916167
520.451689860911
520.344634516881
520.234684602587
520.121821112983
 520.00590682303
519.886926980603
519.764732510819
519.639313652512
519.510508508749
519.378313126135
519.242551743059
519.103227117499
 518.96014849914
518.813326388064
518.662553669165
518.507850615312
518.348992410399
518.186005742468
518.018653963815
517.846966594442
517.670696132048
517.489874613354
517.304243727087
517.113837984858
 516.91838827462
516.717931551414
516.512187954714
516.301196838037
516.084667700826
515.862642232672
 515.63481946423
 515.40124333873
 515.16160265858
514.915943515446
514.663944800111
514.405654621653
514.140742359029
513.869257978495
513.590861837551
513.305605566388
513.013141089674
512.713521471072
512.406390897271
512.091803592984
 511.76939681625
511.439225633232
511.100921305638
510.754539368395
510.399706150992
510.036477224835
509.664475192164
509.283755161632
 508.89393736345
508.495075869173
508.086790052147
507.669132288191
   507.241722779
506.804611451449
506.357421201389
505.900198647421
505.432571437037
504.954581902126
504.465864702769
503.966456771922
503.456002259322
502.934531436385
502.401700649434
501.857532076528
501.301697212529
500.734208519634
500.154755855189
 499.56334012778
498.959673052428
498.343741902893
497.715284050525
 497.07427077695
496.420469237926
495.753832051637
495.074160646529
494.381385947693
 493.67534854163
492.955954220113
 492.22308805487
491.476626791565
490.716505810893
489.942568352822
489.154806494987
488.353024875623
487.537279305839
486.707329980281
485.863304234633
485.004911097394
484.132358108915
483.245295360036
482.344020336845
481.428115159505
480.497978284161
479.553113293532
478.594032211803
477.620147629782
476.632099695436
475.629195197657
474.612219436924
473.580355604766
472.534554358103
471.473853644516
470.399393831361
469.310040906601
468.207154834482
467.089396098364
465.958381687407
 464.81252358094
463.653743767308
462.480149203696
461.294030044263
460.093111602022
458.880138025922
457.652344963235
456.413051616456
455.158843684546
453.893793966575
452.613583068453
451.323314892789
450.017314301317
448.702171389393
 447.36990945184
446.029344542655
444.667398636384
443.295118842172
 441.87282526715
439.539202460682
437.716602697178
436.245858386882
434.786062107172
433.343161357004
 431.88762245459
430.435359476689
428.969688580515
427.503872163238
426.025562607947
 424.54589882186
423.054820942983
421.561978521404
   420.058762692
418.553747407287
 417.03933955637
415.523304485124
413.998805903421
412.472885340119
410.939576603891
 409.40505799773
407.864158757042
406.322349185633
404.775113585541
403.227330024445
401.675032337248
400.122594787618
398.566519250162
397.010745292646
395.452178429214
393.894378613205
392.334603093614
 390.77607687934
389.216366400778
387.658398515011
386.100013420557
384.543870556215
382.988054023047
 381.43498184746
379.882956544199
378.334176998101
376.787142148576
  375.2438510263
373.702979838858
372.166344643927
370.632782078136
369.103940149745
367.578800999727
366.058857905482
364.543225183277
363.033253372865
361.528176977491
360.029214690872
358.535710349846
 357.04876077244
   355.567809243
354.093839899217
 352.62638641653
351.166328791999
 349.71328275156
 348.26803213356
346.830266994825
345.400682519719
343.979035917864
342.565940813831
341.161214866458
339.765396879492
 338.37835867511
337.000570666066
335.631952921294
334.272913621759
 332.92341549442
331.583810409331
330.254098454928
328.934580900113
327.625290159621
326.326482422844
325.038217630273
323.760712244868
322.494049143649
321.238410264384
319.993897022327
318.760661893868
317.538820607175
 316.32850111618
315.129829393817
313.942913696573
312.767886317126
311.604840535406
310.453911169451
309.315181148203
 308.18878414014
307.074797261518
305.973349465745
304.884516514914
303.808419182206
302.745136261354
301.694776972278
300.657427460232
299.633182103455
298.622138659286
297.624373453623
296.640000063703
295.669073623847
294.711727692802
 293.76799313968
292.838027626812
291.921834744654
291.019600348493
290.131297791823
  289.2571451866
288.397082741504
287.551364870546
286.719895775812
285.902970208131
285.100453543196
 284.31268490085
283.539488048756
282.781250513953
282.037751709078
281.309431621601
280.596022593506
279.898021150603
279.215109877001
278.547845949751
277.895859533618
277.259772615793
276.639160303645
276.034713611247
275.445949972024
274.873633714267
274.317222000885
273.777556846081
273.254032564662
 272.74757332776
272.257508043091
271.784847625238
271.328853034629
270.890626649028
270.469358961341
270.066248684877
269.680413346814
269.313153042262
 268.96350985964
268.632890519379
268.320259227926
268.027134797967
267.752401147056
267.497694899295
267.261817320737
267.026087065809