1.239087789873756160e-02
1.239467984920743400e-02
1.239653794366194980e-02
1.239632076042255539e-02
1.239420644246150803e-02
1.239007298327147837e-02
1.238409057665551191e-02
1.237614640284115906e-02
1.236640278587235707e-02
1.235475584665394512e-02
1.234136014186718207e-02
1.232612047128478841e-02
1.230918374764684679e-02
1.229046317381869875e-02
1.227009816116841900e-02
1.224801002761754035e-02
1.222433084308297870e-02
1.219898974187020278e-02
1.217211162800119033e-02
1.214363314440516754e-02
1.211367221876215490e-02
1.208217268724948341e-02
1.204924570319203768e-02
1.201484197442301630e-02
1.197906609284390793e-02
1.194187531146205690e-02
1.190336788321525070e-02
1.186350727617116116e-02
1.182238563494458598e-02
1.177997231010699183e-02
1.173635357549350153e-02
1.169150433030323108e-02
1.164550522082553018e-02
1.159833636075026028e-02
1.155007301659818214e-02
1.150070018314849722e-02
1.145028799838946829e-02
1.139882600645915345e-02
1.134637947048517705e-02
1.129294215478120894e-02
1.123857470275816534e-02
1.118327477308828956e-02
1.112709864517593197e-02
1.107004755036431962e-02
1.101217365947765141e-02
1.095348145968142069e-02
1.089401926756691612e-02
1.083379451476895218e-02
1.077285191617128463e-02
1.071120154262717068e-02
1.064888475732482694e-02
1.058591397174428808e-02
1.052232744423473206e-02
1.045813963548034541e-02
1.039338594209817702e-02
1.032808259018666401e-02
1.026226235344038749e-02
1.019594294763429693e-02
1.012915475755002230e-02
1.006191672133005532e-02
9.994257063592864795e-03
9.926195686303609933e-03
9.857758876989898555e-03
9.788967251954135487e-03
9.719845378650553147e-03
9.650414347549957084e-03
9.580697216657281523e-03
9.510715319979644658e-03
9.440490410002246729e-03
9.370043843357907590e-03
9.299396263982059874e-03
9.228568840094689488e-03
9.157581296861453529e-03
9.086454413040921663e-03
9.015207177421713514e-03
8.943859788329053262e-03
8.872430673014707059e-03
8.800939268531877968e-03
8.729403607748324051e-03
8.657842195767791529e-03
8.586272830434022590e-03
8.514712924385792539e-03
8.443180191932384698e-03
8.371690802868508863e-03
8.300262531537231855e-03
8.228910164596347707e-03
8.157651672044118410e-03
8.086500327121041998e-03
8.015474423153843425e-03
7.944585599601698689e-03
7.873852592866622743e-03
7.803285298061529533e-03
7.732903006527573793e-03
7.662713768128349805e-03
7.592737533189071464e-03
7.522980414926878738e-03
7.453463118960629123e-03
7.384189739796038869e-03
7.315181827021758829e-03
7.246441383509139543e-03
7.177990883978422124e-03
7.109830175680029694e-03
7.041982732248554776e-03
6.974446190043250698e-03
6.907245088167107520e-03
6.840374805301020072e-03
6.773861005506118076e-03
6.707696771235137356e-03
6.641908944110199060e-03
6.576488279786614141e-03
6.511462843352850208e-03
6.446821040810959795e-03
6.382592200124043505e-03
6.318762362222005331e-03
6.255362151064313390e-03
6.192375234242036321e-03
6.129833558765816065e-03
6.067718417481183027e-03
6.006063101665588128e-03
5.944846534573662404e-03
5.884103367361305341e-03
5.823810165103846838e-03
5.764002949084799307e-03
5.704655943559749746e-03
5.645806545073587569e-03
5.587426660056716253e-03
5.529555060585603608e-03
5.472161363578996462e-03
5.415285712307302268e-03
5.358895467491864469e-03
5.303032134910350311e-03
5.247660857081928344e-03
5.192824489516990709e-03
5.138485999713640791e-03
5.084689573839199124e-03
5.031396684219736903e-03
4.978650933761758282e-03
4.926414253968241022e-03
4.874728976144252282e-03
4.823557587032112175e-03
4.772941082622082082e-03
4.722842593533148510e-03
4.673301724191471045e-03
4.624282330541269227e-03
4.575822576368465330e-03
4.527887117444498975e-03
4.480512634716893490e-03
4.433664651587029479e-03
4.387378330545227412e-03
4.341620123977850583e-03
4.296423646577266289e-03
4.251756334877283654e-03
4.207650232406514451e-03
4.164073809073908471e-03
4.121057519549128564e-03
4.078570910669119219e-03
4.036642835915293590e-03
3.995243957191769307e-03
3.954401519523829088e-03
3.914087332870097927e-03
3.874327031289807443e-03
3.835093600893320267e-03
3.796411066719969796e-03
3.758253614500087127e-03
3.720643666355699826e-03
3.683556626736055137e-03
3.647013324808216512e-03
3.610990398727810437e-03
3.575507098235744096e-03
3.540541306325303145e-03
3.506110710117301982e-03
3.472194444969953307e-03
3.438808655182742924e-03
3.405933732650613232e-03
3.373584301363699838e-03
3.341742010814422251e-03
3.310419989634995688e-03
3.279601143104716923e-03
3.249297131621139284e-03
3.219492111803019981e-03
3.190196304847377120e-03
3.161395111857165027e-03
3.133097345519912213e-03
3.105289642382563168e-03
3.077979438724737747e-03
3.051154595528594252e-03
3.024821205939543216e-03
2.998968342607126990e-03
2.973600789758197929e-03
2.948708817385060649e-03
2.924295935732187848e-03
2.900353596447845586e-03
2.876884071238421537e-03
2.853879976545843460e-03
2.831342381287793152e-03
2.809265048840421750e-03
2.787647881193833482e-03
2.766485769971609859e-03
2.745777486025775642e-03
2.725519029874148326e-03
2.705708076775374931e-03
2.686341716273702752e-03
2.667416563171680442e-03
2.648930775800046461e-03
2.630879943083114236e-03
2.613263271658926908e-03
2.596075358450986980e-03
2.579316437809352040e-03
2.562980147703735386e-03
2.547067729597986274e-03
2.531571894605984165e-03
2.516494870807337893e-03
2.501828473501671677e-03
2.487575897079370539e-03
2.473728090915273264e-03
2.460289195681169671e-03
2.447249323480320954e-03
2.434613541584266117e-03
2.422371152169225991e-03
2.410528129834178454e-03
2.399072992803505996e-03
2.388012604191732356e-03
2.377334722828426498e-03
2.367047082032677687e-03
2.357136704341065633e-03
2.347612175497101883e-03
2.338459803365802898e-03
2.329689008885121610e-03
2.321285405376152539e-03
2.313259232300290350e-03
2.305595427066917547e-03
2.298305031547162938e-03
2.291372324385538249e-03
2.284809134294404215e-03
2.278599096836540598e-03
2.272754812519828856e-03
2.267259288077932370e-03
2.262125881258724228e-03
2.257336982833388003e-03
2.252906693681774614e-03
2.248816800149028468e-03
2.245082132533898159e-03
2.241683883028587707e-03
2.238637597970279981e-03
2.235923884485712873e-03
2.233558991830837150e-03
2.231522950057158484e-03
2.229832698399363249e-03
2.228467696825559095e-03
2.227445561698555062e-03
2.226745189005493574e-03
2.226384859377085208e-03
2.226342910151481169e-03
2.226638273249898804e-03
2.227248732051562846e-03
2.228193856557849663e-03
2.229450880375080570e-03
2.231039998017793607e-03
2.232937897148233684e-03
2.235165382739205241e-03
2.237698600135982346e-03
2.240558950088397845e-03
2.243722039213850127e-03
2.247209848586357011e-03
2.250997449818117457e-03
2.255107387931213746e-03
2.259514203567911453e-03
2.264240988241328877e-03
2.269262121570575410e-03
2.274600126619954425e-03
2.280230317626734220e-03
2.286174281147406763e-03
2.292408248297013278e-03
2.298952872411657612e-03
2.305785282989389166e-03
2.312925202693226750e-03
2.320350641526845205e-03
2.328080392925252831e-03
2.336093330039767241e-03
2.344407317554554442e-03
2.353002074824223078e-03
2.361894537434514659e-03
2.371065254299426460e-03
2.380530230885561163e-03
2.390270829202676035e-03
2.400302123064019470e-03
2.410606271165005848e-03
2.421197413785058667e-03
2.432058489815800729e-03
2.443202703950464114e-03
2.454613758569564388e-03
2.466303920736912479e-03
2.478257639253037426e-03
2.490486241705408815e-03
2.502974905735803023e-03
2.515734017997551305e-03
2.528749466732544381e-03
2.542030696789203403e-03
2.555564287950022519e-03
2.569358743177198052e-03
2.583401313756896692e-03
2.597699561679610129e-03
2.612241388559417236e-03
2.627033417535170039e-03
2.642064178071041811e-03
2.657339357992301917e-03
2.672848090668982542e-03
2.688595133783313641e-03
2.704570199035663276e-03
2.720777120984172077e-03
2.737206162288055664e-03
2.753860243465342840e-03
2.770730148802827159e-03
2.787817896144080109e-03
2.805114759950210878e-03
2.822621869253585328e-03
2.840330954954490769e-03
2.858242273849390200e-03
2.876347977103954189e-03
2.894647468778324944e-03
2.913133281538169556e-03
2.931803989340366328e-03
2.950652464845373354e-03
2.969676477878696770e-03
2.988869196707791883e-03
3.008227616538209411e-03
3.027745153837627188e-03
3.047418062437742999e-03
3.067239956451472960e-03
3.087206385506237067e-03
3.107311107535861480e-03
3.127549009238026444e-03
3.147913935161643448e-03
3.168400154627436759e-03
3.189001538109859958e-03
3.209711787547845155e-03
3.230524735076744074e-03
3.251433569845313485e-03
3.272432017730482912e-03
3.293512814421897719e-03
3.314669507897337157e-03
3.335894444588720711e-03
3.357180919159635964e-03
3.378520957973848125e-03
3.399907523153285639e-03
3.421332395275007623e-03
3.442788120857208367e-03
3.464266314152118949e-03
3.485759019172293693e-03
3.507257768559660094e-03
3.528754013092258012e-03
3.550239293823790124e-03
3.571704373773917831e-03
3.593140897774165649e-03
3.614538842819264505e-03
3.635890058245355282e-03
3.657183633086756244e-03
3.678411727267733803e-03
3.699562436354168066e-03
3.720628342272704232e-03
3.741596438160396665e-03
3.762459844642085556e-03
3.783204340158496937e-03
3.803823705936470751e-03
3.824302390317279709e-03
3.844634962142328034e-03
3.864804421313727725e-03
3.884806256282616419e-03
3.904621897463482916e-03
3.924247889740637568e-03
3.943663970541641875e-03
3.962867882651827621e-03
3.981837544851049050e-03
4.000572043723183042e-03
4.019047351900256748e-03
4.037264049844997531e-03
4.055196035058323926e-03
4.072845535864475473e-03
4.090184244558565420e-03
4.107216194895919187e-03
4.123910743228367468e-03
4.140273889547020983e-03
4.156272523327118537e-03
4.171914774445835243e-03
4.187164934879359854e-03
4.202033430457954855e-03
4.216481825895130285e-03
4.230523010988438380e-03
4.244115694874544750e-03
4.257275400767933198e-03
4.269957855998590159e-03
4.282181387527488753e-03
4.293898617413050359e-03
4.305130846971470283e-03
4.315827473017562997e-03
4.326012941463024467e-03
4.335633308176638050e-03
4.344716332841449050e-03
4.353204619774582625e-03
4.361129409795852681e-03
