1.244639999999999982e-03
1.618346015037594107e-03
1.992052030075188232e-03
2.365758045112781923e-03
2.739464060150376048e-03
3.113170075187970173e-03
3.486876090225563864e-03
3.860582105263157988e-03
4.234288120300752113e-03
4.607994135338346238e-03
4.981700150375940363e-03
5.355406165413534487e-03
5.729112180451127745e-03
6.102818195488721870e-03
6.476524210526315994e-03
6.850230225563910119e-03
7.223936240601504244e-03
7.597642255639098369e-03
7.971348270676692493e-03
8.345054285714286618e-03
8.718760300751880743e-03
9.092466315789474868e-03
9.466172330827068992e-03
9.839878345864663117e-03
1.021358436090225551e-02
1.058729037593984963e-02
1.096099639097744376e-02
1.133470240601503788e-02
1.170840842105263201e-02
1.208211443609022613e-02
1.245582045112782026e-02
1.282952646616541438e-02
1.320323248120300851e-02
1.357693849624060263e-02
1.395064451127819675e-02
1.432435052631579088e-02
1.469805654135338500e-02
1.507176255639097913e-02
1.544546857142857325e-02
1.581917458646616564e-02
1.619288060150376324e-02
1.656658661654135389e-02
1.694029263157895149e-02
1.731399864661654214e-02
1.768770466165413974e-02
1.806141067669173039e-02
1.843511669172932799e-02
1.880882270676691864e-02
1.918252872180450930e-02
1.955623473684210689e-02
1.992994075187969755e-02
2.030364676691729514e-02
2.067735278195488580e-02
2.105105879699248339e-02
2.142476481203007405e-02
2.179847082706767164e-02
2.217217684210526230e-02
2.254588285714285989e-02
2.291958887218045055e-02
2.329329488721804814e-02
2.366700090225563879e-02
2.404070691729323639e-02
2.441441293233082704e-02
2.478811894736842464e-02
2.516182496240601529e-02
2.553553097744361289e-02
2.590923699248120354e-02
2.628294300751880114e-02
2.665664902255639179e-02
2.703035503759398939e-02
2.740406105263158004e-02
2.777776706766917764e-02
2.815147308270676829e-02
2.852517909774436589e-02
2.889888511278195654e-02
2.927259112781955414e-02
2.964629714285714479e-02
3.002000315789474238e-02
3.039370917293233304e-02
3.076741518796993063e-02
3.114112120300752129e-02
3.151482721804511195e-02
3.188853323308270954e-02
3.226223924812030019e-02
3.263594526315789779e-02
3.300965127819548844e-02
3.338335729323308604e-02
3.375706330827067669e-02
3.413076932330827429e-02
3.450447533834586494e-02
3.487818135338346254e-02
3.525188736842105319e-02
3.562559338345865079e-02
3.599929939849624144e-02
3.637300541353383904e-02
3.674671142857142969e-02
3.712041744360902035e-02
3.749412345864661794e-02
3.786782947368420860e-02
3.824153548872180619e-02
3.861524150375939685e-02
3.898894751879699444e-02
3.936265353383458510e-02
3.973635954887218269e-02
4.011006556390977335e-02
4.048377157894737094e-02
4.085747759398496159e-02
4.123118360902255919e-02
4.160488962406014984e-02
4.197859563909774744e-02
4.235230165413533809e-02
4.272600766917293569e-02
4.309971368421052634e-02
4.347341969924812394e-02
4.384712571428571459e-02
4.422083172932331219e-02
4.459453774436090284e-02
4.496824375939850044e-02
4.534194977443609109e-02
4.571565578947368869e-02
4.608936180451127934e-02
4.646306781954887694e-02
4.683677383458646759e-02
4.721047984962406519e-02
4.758418586466165584e-02
4.795789187969925343e-02
4.833159789473684409e-02
4.870530390977444168e-02
4.907900992481203234e-02
4.945271593984962299e-02
4.982642195488722059e-02
5.020012796992481124e-02
5.057383398496240884e-02
5.094753999999999949e-02
5.132124601503759709e-02
5.169495203007518774e-02
5.206865804511278534e-02
5.244236406015037599e-02
5.281607007518797359e-02
5.318977609022556424e-02
5.356348210526316184e-02
5.393718812030075249e-02
5.431089413533835009e-02
5.468460015037594074e-02
5.505830616541353834e-02
5.543201218045112899e-02
5.580571819548872659e-02
5.617942421052631724e-02
5.655313022556391483e-02
5.692683624060150549e-02
5.730054225563910308e-02
5.767424827067669374e-02
5.804795428571429133e-02
5.842166030075188199e-02
5.879536631578947958e-02
5.916907233082707024e-02
5.954277834586466783e-02
5.991648436090225849e-02
6.029019037593985608e-02
6.066389639097744674e-02
6.103760240601504433e-02
6.141130842105263499e-02
6.178501443609022564e-02
6.215872045112782324e-02
6.253242646616541389e-02
6.290613248120301149e-02
6.327983849624060908e-02
6.365354451127820667e-02
6.402725052631580427e-02
6.440095654135338799e-02
6.477466255639098558e-02
6.514836857142858317e-02
6.552207458646618077e-02
6.589578060150376448e-02
6.626948661654136208e-02
6.664319263157895967e-02
6.701689864661655727e-02
6.739060466165414098e-02
6.776431067669173858e-02
6.813801669172933617e-02
6.851172270676693377e-02
6.888542872180451748e-02
6.925913473684211508e-02
6.963284075187971267e-02
7.000654676691731026e-02
7.038025278195489398e-02
7.075395879699249158e-02
7.112766481203008917e-02
7.150137082706768676e-02
7.187507684210527048e-02
7.224878285714286807e-02
7.262248887218046567e-02
7.299619488721804939e-02
7.336990090225564698e-02
7.374360691729324457e-02
7.411731293233084217e-02
7.449101894736842588e-02
7.486472496240602348e-02
7.523843097744362107e-02
7.561213699248121867e-02
7.598584300751880238e-02
7.635954902255639998e-02
7.673325503759399757e-02
7.710696105263159517e-02
7.748066706766917888e-02
7.785437308270677648e-02
7.822807909774437407e-02
7.860178511278197167e-02
7.897549112781955538e-02
7.934919714285715298e-02
7.972290315789475057e-02
8.009660917293234816e-02
8.047031518796993188e-02
8.084402120300752947e-02
8.121772721804512707e-02
8.159143323308272466e-02
8.196513924812030838e-02
8.233884526315790597e-02
8.271255127819550357e-02
8.308625729323310116e-02
8.345996330827068488e-02
8.383366932330828247e-02
8.420737533834588007e-02
8.458108135338347766e-02
8.495478736842106138e-02
8.532849338345865897e-02
8.570219939849625657e-02
8.607590541353384028e-02
8.644961142857143788e-02
8.682331744360903547e-02
8.719702345864663307e-02
8.757072947368421678e-02
8.794443548872181438e-02
8.831814150375941197e-02
8.869184751879700956e-02
8.906555353383459328e-02
8.943925954887219087e-02
8.981296556390978847e-02
9.018667157894738606e-02
9.056037759398496978e-02
9.093408360902256737e-02
9.130778962406016497e-02
9.168149563909776256e-02
9.205520165413534628e-02
9.242890766917294387e-02
9.280261368421054147e-02
9.317631969924813906e-02
9.355002571428572278e-02
9.392373172932332037e-02
9.429743774436091797e-02
9.467114375939851556e-02
9.504484977443609928e-02
9.541855578947369687e-02
9.579226180451129447e-02
9.616596781954889206e-02
9.653967383458647578e-02
9.691337984962407337e-02
9.728708586466167096e-02
9.766079187969925468e-02
9.803449789473685227e-02
9.840820390977444987e-02
9.878190992481204746e-02
9.915561593984963118e-02
9.952932195488722877e-02
9.990302796992482637e-02
1.002767339849624240e-01
1.006504400000000077e-01
1.010241460150376053e-01
1.013978520300752029e-01
1.017715580451128005e-01
1.021452640601503842e-01
1.025189700751879818e-01
1.028926760902255794e-01
1.032663821052631770e-01
1.036400881203007607e-01
1.040137941353383583e-01
1.043875001503759559e-01
1.047612061654135535e-01
1.051349121804511372e-01
1.055086181954887348e-01
1.058823242105263324e-01
1.062560302255639300e-01
1.066297362406015137e-01
1.070034422556391113e-01
1.073771482706767089e-01
1.077508542857143065e-01
1.081245603007518902e-01
1.084982663157894878e-01
1.088719723308270854e-01
1.092456783458646691e-01
1.096193843609022667e-01
1.099930903759398643e-01
1.103667963909774619e-01
1.107405024060150456e-01
1.111142084210526432e-01
1.114879144360902408e-01
1.118616204511278384e-01
1.122353264661654221e-01
1.126090324812030197e-01
1.129827384962406173e-01
1.133564445112782149e-01
1.137301505263157986e-01
1.141038565413533962e-01
1.144775625563909938e-01
1.148512685714285914e-01
1.152249745864661751e-01
1.155986806015037727e-01
1.159723866165413703e-01
1.163460926315789679e-01
1.167197986466165516e-01
1.170935046616541492e-01
1.174672106766917468e-01
1.178409166917293444e-01
1.182146227067669281e-01
1.185883287218045257e-01
1.189620347368421233e-01
1.193357407518797209e-01
1.197094467669173046e-01
1.200831527819549022e-01
1.204568587969924998e-01
1.208305648120300974e-01
1.212042708270676811e-01
1.215779768421052787e-01
1.219516828571428763e-01
1.223253888721804600e-01
1.226990948872180576e-01
1.230728009022556552e-01
1.234465069172932528e-01
1.238202129323308365e-01
1.241939189473684341e-01
1.245676249624060317e-01
1.249413309774436293e-01
1.253150369924811991e-01
1.256887430075188106e-01
1.260624490225563943e-01
1.264361550375939780e-01
1.268098610526315895e-01
1.271835670676691732e-01
1.275572730827067569e-01
1.279309790977443684e-01
1.283046851127819521e-01
1.286783911278195636e-01
1.290520971428571473e-01
1.294258031578947310e-01
1.297995091729323425e-01
1.301732151879699262e-01
1.305469212030075099e-01
1.309206272180451214e-01
1.312943332330827051e-01
1.316680392481203166e-01
1.320417452631579003e-01
1.324154512781954840e-01
1.327891572932330955e-01
1.331628633082706792e-01
1.335365693233082629e-01
1.339102753383458744e-01
1.342839813533834581e-01
1.346576873684210418e-01
1.350313933834586533e-01
1.354050993984962370e-01
1.357788054135338485e-01
1.361525114285714322e-01
1.365262174436090159e-01
1.368999234586466274e-01
1.372736294736842111e-01
1.376473354887217948e-01
1.380210415037594063e-01
1.383947475187969900e-01
1.387684535338346015e-01
1.391421595488721852e-01
1.395158655639097689e-01
1.398895715789473804e-01
1.402632775939849641e-01
1.406369836090225478e-01
1.410106896240601593e-01
1.413843956390977430e-01
1.417581016541353545e-01
1.421318076691729382e-01
1.425055136842105219e-01
1.428792196992481334e-01
1.432529257142857171e-01
1.436266317293233008e-01
1.440003377443609123e-01
1.443740437593984960e-01
1.447477497744360797e-01
1.451214557894736912e-01
1.454951618045112749e-01
1.458688678195488864e-01
1.462425738345864701e-01
1.466162798496240538e-01
1.469899858646616653e-01
1.473636918796992490e-01
1.477373978947368327e-01
1.481111039097744442e-01
1.484848099248120279e-01
1.488585159398496394e-01
1.492322219548872231e-01
1.496059279699248068e-01
1.499796339849624183e-01
1.503533400000000020e-01
