44.5551819957234
44.5401354085488
 44.528583396711
44.5264812778837
44.5311034061167
44.5433195750585
44.5628795285118
44.5894825655157
44.6234484864557
44.6642313797402
44.7122700980394
44.7669913750027
44.8288465016367
44.8972852296103
44.9727463042228
45.0547132597563
45.1436066811348
45.2389453380201
45.3411306499306
45.4497159356213
45.5650835536494
 45.686820238786
45.8152896717419
45.9501108175287
46.0916291428465
46.2394946916867
46.3940352135411
46.5549307297118
 46.722491790347
46.8964273404248
 47.077031266539
47.2640404265976
47.4577325965486
47.6578715736791
47.8647195933037
48.0780664501519
48.2981594264003
 48.524813398559
48.7582613013071
48.9983421984378
49.2452753018178
49.4989229842801
 49.759491379719
50.0268653032726
  50.30123847716
50.5825172989868
50.8708837685305
51.1662650084109
 51.468832009782
51.7785317607716
52.0955249841111
52.4197776674891
52.7514410337512
53.0904991933961
53.4370946683466
 53.791228799997
54.1530362409675
54.5225346520962
54.8998516833413
55.2850203795858
55.6781622922844
56.0793248865574
56.4886245596574
56.9061222001981
57.3319300384306
57.7661213521684
58.2088052376428
58.6600662853188
59.1200115391838
59.5887357787322
60.0663451294155
60.5529433841236
61.0486369386828
 61.553537366662
62.0677525817726
62.5914006432481
63.1245922923222
63.6674507112168
64.2200908441109
64.7826395603518
65.3552174520578
65.9379535609583
66.5309756455989
67.1344133206028
67.7484031069731
68.3730735019501
69.0085714667492
69.6550225939362
 70.312586048731
70.9813826283104
71.6615855561702
72.3533088333659
73.0567416909915
73.7719892164498
74.4992586975098
75.2386440666267
75.9903728218996
 76.754525368637
77.5313516784554
 78.320916119091
79.1234935134747
79.9391295356311
80.7681263574076
81.6105081496171
82.4666070557452
83.3364227727335
84.2203201689821
85.1182713278041
86.0306767318884
86.9574775340037
87.8991128622601
88.8554894366341
89.8270882093142
90.8137777716425
91.8160842319447
92.8338341551492
93.8676022971653
94.9171690883968
95.9831615892649
97.0653097687749
98.1642968204754
99.2797976978871
100.412555734314
101.562186078054
102.729496393245
103.914036989155
105.116684242876
106.336918338369
107.575688945657
108.832400575849
110.108080979035
111.402053164533
112.715428023148
114.047440644207
115.399291882594
116.770114256276
118.161204674839
119.571626275583
 121.00271487319
 122.45349801477
123.925338455437
125.417232191404
126.930565516691
128.464304507323
130.019856130132
131.596158100959
133.194635052829
134.814198029175
136.456286122836
138.119785543376
139.806146427989
141.514232151087
143.245500264561
 144.99879347521
146.775572901308
148.574662927253
 150.39752416667
152.242965213634
154.112441879668
156.004749697014
157.921335147839
159.860983637423
161.825127558418
 163.81254534086
165.824650291896
167.860217245915
 169.92063518991
172.004678981818
174.113707812269
176.246500434077
178.404380520636
180.586134856588
182.793045628975
185.023912071539
187.279968663328
189.560031800858
191.865281775674
194.194557174955
196.548977358597
198.927408466406
201.330901909137
203.758357097651
206.210750191521
208.687019972956
211.188059749375
213.712854185584
216.262205818532
218.835152151388
221.432396691565
224.053037219868
 226.69766958474
229.365459813017
232.056887057082
234.771194141036
237.508734029757
240.268835542306
243.051715451936
245.856798492685
248.684154656756
251.533315326468
254.404192447939
257.296435708122
260.209786954167
263.144026890348
266.098714284493
269.073774790171
272.068570014038
275.083185910882
278.116771525194
281.169590133925
284.240561225837
287.330144401784
290.437010663042
293.561837310988
296.703025549319
299.861494634758
  303.0353517194
306.225785798922
309.430582041172
  312.6512313453
315.885164317338
 319.13421143833
322.395410240513
325.670975511422
328.957505513444
332.257653224475
335.567521336942
338.890267042431
342.221427637849
345.564747005746
348.915108735393
352.276948773321
355.644382795583
359.022677061815
362.405027796181
365.797718874619
369.192819819667
372.597896237025
376.003597083565
379.419161885624
382.833383848794
 386.25780138471
389.678673489905
 393.11094254359
396.537218388764
399.978169027234
403.410940536999
 406.86880402231
410.323432669931
413.873536067668
 419.63327623442
424.077336386938
427.629798423126
431.126872002091
434.555816196496
437.987596356684
441.385061383589
444.787582179276
448.164605235297
451.544831172459
454.903002368451
458.262184523349
461.600853430438
464.938497307841
 468.25630418728
471.571255483882
474.866590738106
478.157421964286
481.428796967959
484.693771252786
487.939449174912
491.177041880907
494.395327132047
497.604014164109
500.793268193833
503.971553205779
 507.13020319914
510.276634344178
513.403178366193
516.516358925964
519.609369033181
 522.68796432595
525.746088402213
528.788830287844
531.810793004656
 534.81648274766
537.801085873918
540.768595825843
543.714718021615
546.642992415292
549.549588596416
552.437643646179
555.303743980265
558.150667422969
 560.97537600262
563.780326177476
 566.56281940798
569.325023949672
 572.06454868326
574.783302887304
577.479174332726
580.153839241481
582.805438675425
585.435438925705
588.042211230798
590.627032698562
593.188483751232
595.727671024613
598.243364954735
600.736518663321
603.206075006237
 605.65284903161
608.075939791773
610.476038381906
612.852385026023
615.205559833829
617.534930230002
 619.84097729432
622.123182612212
624.381939297513
 626.61683088313
628.828172792412
631.015639029636
633.179476903185
635.319440072689
637.435716683667
639.528129828397
641.596816884584
 643.64166068954
645.662755748956
647.660035441563
649.633558848127
651.583301124102
653.509292968069
 655.41154294631
657.290060052714
659.144878261387
660.975991208383
662.783450603096
664.567240770721
666.327423784406
668.063980432997
669.776976055857
671.466393432105
673.132294318756
674.774668786051
676.393568385831
677.988995574492
679.560985279693
681.109557251278
682.634723556781
684.136525975586
685.614947642374
687.070056945986
688.501802159567
689.910282718982
691.295406232583
692.657307491226
693.995847742367
695.311201321928
696.603177509429
697.871994268913
699.117403375985
700.339670408922
 701.53848415642
702.714161709477
703.866323421555
704.995341715843
706.100763078225
707.183019012576
708.241576701732
709.276930415064
710.288462573906
711.276733840928
712.241036373953
713.182000805848
 714.09882346374
714.992208481925
715.861250701672
 716.70673124895
717.527637711908
718.324831661108
719.097187526315
719.845650741152
720.568976506158
721.268197503835
721.941943438925
722.591337596275
723.214877689978
723.813780927611
724.386406274021
724.934068144153
725.454979691996
725.950555783825
726.418856354549
726.861399917856
727.276085387119
727.664538062047
728.024487583691
728.357669104208
728.690467452712