1.239087789873756160e-02
1.239459862202032213e-02
1.239622683342580557e-02
1.239562150911012288e-02
1.239297483160712275e-02
1.238815605053129182e-02
1.238134878374373520e-02
1.237243230558540165e-02
1.236158174316775472e-02
1.234868612621432479e-02
1.233391219200564472e-02
1.231715843788889868e-02
1.229858333692036843e-02
1.227809454999471278e-02
1.225584243403054878e-02
1.223174349507770257e-02
1.220594014237238491e-02
1.217835739631803471e-02
1.214912990527584370e-02
1.211819086260697634e-02
1.208566735903286553e-02
1.205150041060742104e-02
1.201580976824117089e-02
1.197854391318465064e-02
1.193981548721343919e-02
1.189958007360017965e-02
1.185794344684755475e-02
1.181486792486740288e-02
1.177045266635978228e-02
1.172466635367371522e-02
1.167760178928849320e-02
1.162923364828006428e-02
1.157964864318250173e-02
1.152882706981468025e-02
1.147684982239363313e-02
1.142370244638388384e-02
1.136946029339964449e-02
1.131411378942884932e-02
1.125773302208922695e-02
1.120031293176330413e-02
1.114191862244717779e-02
1.108254918673302891e-02
1.102226502608361081e-02
1.096106902794431216e-02
1.089901717205733582e-02
1.083611578901413214e-02
1.077241671644933903e-02
1.070792938280143609e-02
1.064270176114852189e-02
1.057674603958425746e-02
1.051010660131775076e-02
1.044279806365408687e-02
1.037486149101433247e-02
1.030631360780440327e-02
1.023719242644519946e-02
1.016751646519671072e-02
1.009732094634282346e-02
1.002662587809315976e-02
9.955463948954199407e-03
9.883856362951061458e-03
9.811833525141134410e-03
9.739417551380531723e-03
9.666636807096140940e-03
9.593514046472554138e-03
9.520075832184140413e-03
9.446345294010782823e-03
9.372347421426506162e-03
9.298105468086485456e-03
9.223643072149650957e-03
9.148983370641933233e-03
9.074148864326680303e-03
8.999162344473687208e-03
8.924045380146466630e-03
8.848820199233300293e-03
8.773507636350688990e-03
8.698129149968755053e-03
8.622705028885258374e-03
8.547255767756296169e-03
8.471801289418703571e-03
8.396360941978084358e-03
8.320954453286070335e-03
8.245599853807293253e-03
8.170316838422899200e-03
8.095121960468257272e-03
8.020035034859934395e-03
7.945070989845240753e-03
7.870249904355162973e-03
7.795584945019528277e-03
7.721096589745918108e-03
7.646796118320514819e-03
7.572704533609709784e-03
7.498831114482520759e-03
7.425197505828557559e-03
7.351810882505051097e-03
7.278693639657548425e-03
7.205850755820289791e-03
7.133305475904498476e-03
7.061060500377686414e-03
6.989140014833437019e-03
6.917544370261391289e-03
6.846298775410866386e-03
6.775401170462436173e-03
6.704877861519666950e-03
6.634724326433624753e-03
6.564968034771525088e-03
6.495601960060951030e-03
6.426654793554891464e-03
6.358116971691601775e-03
6.290018457961403693e-03
6.222347127864466879e-03
6.155134260239811944e-03
6.088365154395215459e-03
6.022072440432459442e-03
5.956238834473986422e-03
5.890898346855344241e-03
5.826031111439728717e-03
5.761672541088910457e-03
5.697800195901397795e-03
5.634450907152677678e-03
5.571599676882007905e-03
5.509284764542880970e-03
5.447478636667877662e-03
5.386220984818297815e-03
5.325481769051112688e-03
5.265302111425505457e-03
5.205649500659682676e-03
5.146566482460822149e-03
5.088018115075261527e-03
5.030048356072170518e-03
4.972619879445197393e-03
4.915778038210260464e-03
4.859483173300861887e-03
4.803782012444351469e-03
4.748632620214176051e-03
4.694083071564010730e-03
4.640089913645849967e-03
4.586700450694283955e-03
4.533871873338082489e-03
4.481649961657659630e-03
4.429992648051260008e-03
4.378944128322359748e-03
4.328463166634176351e-03
4.278592322682399363e-03
4.229291274377865520e-03
4.180600901420960039e-03
4.132481869730600388e-03
4.084973342714635740e-03
4.038037041134511992e-03
3.991710383042124805e-03
3.945956203750520391e-03
3.900810153767001950e-03
3.856236235844159605e-03
3.812268317270201597e-03
3.768871614610988432e-03
3.726078202413879784e-03
3.683854551226277158e-03
3.642230939124393475e-03
3.601175124909715246e-03
3.560715591888106990e-03
3.520821415801868130e-03
3.481519291959794642e-03
3.442779636455189744e-03
3.404627368089438184e-03
3.367034261748415996e-03
3.330023475579282216e-03
3.293568157039163547e-03
3.257689723488921794e-03
3.222362704375644066e-03
3.187606799812402018e-03
3.153397926594379841e-03
3.119754094457193559e-03
3.086652609136852129e-03
3.054109819860998266e-03
3.022104419424105105e-03
2.990651129088380596e-03
2.959730023634217673e-03
2.929354231255218433e-03
2.899505200733762215e-03
2.870194504135021446e-03
2.841404953620245335e-03
2.813146603807172973e-03
2.785403617238663490e-03
2.758184571213205538e-03
2.731474963541269570e-03
2.705281935493253961e-03
2.679592303165694977e-03
2.654411813980794409e-03
2.629728583712645940e-03
2.605547008739926909e-03
2.581856484510345467e-03
2.558660099535371626e-03
2.535948507758977333e-03
2.513723533131442030e-03
2.491977065954413626e-03
2.470709708822290979e-03
2.449914565496505610e-03
2.429591060101724855e-03
2.409733486393289201e-03
2.390340132386909941e-03
2.371406457978466296e-03
2.352929656716407948e-03
2.334906330565533154e-03
2.317332619348834877e-03
2.300206242968008512e-03
2.283522327194691549e-03
2.267279685821192020e-03
2.251472469019735832e-03
2.236100560646943347e-03
2.221157172364445712e-03
2.206643234608997913e-03
2.192551056130050309e-03
2.178882590912360317e-03
2.165629278787739500e-03
2.152794074806346856e-03
2.140367582173558283e-03
2.128353735156882347e-03
2.116742330837676281e-03
2.105538261559691121e-03
2.094730546922614779e-03
2.084325016972034608e-03
2.074309940551142054e-03
2.064692065846699971e-03
2.055458935710520810e-03
2.046618197757960663e-03
2.038156691625844872e-03
2.030082946515264063e-03
2.022383119621240857e-03
2.015066604766432064e-03
2.008118895473707047e-03
2.001550234098186092e-03
1.995345467270434950e-03
1.989515670647850048e-03
1.984045058786448618e-03
1.978945526246095495e-03
1.974200668405468734e-03
1.969823185116644556e-03
1.965796063612889385e-03
1.962132796164867653e-03
1.958815771095836523e-03
1.955859260893227057e-03
1.953245062491266223e-03
1.950988216987581403e-03
1.949069935829119381e-03
1.947506017624372771e-03
1.946277092723562715e-03
1.945399706554737677e-03
1.944853911371377097e-03
1.944656989027656983e-03
1.944788415422604548e-03
1.945266198620236326e-03
1.946069238794565642e-03
1.947216260049277996e-03
1.948685586506399567e-03
1.950496648044318859e-03
1.952627191617336980e-03
1.955097342368343136e-03
1.957884268357901886e-03
1.961008779078408752e-03
1.964447461549286445e-03
1.968221798124446774e-03
1.972307792412194855e-03
1.976727587390548699e-03
1.981456600872447214e-03
1.986517623289054627e-03
1.991885484476695403e-03
1.997583608023812980e-03
2.003586234037593033e-03
2.009917403644992384e-03
2.016551142167109789e-03
2.023510963023866446e-03
2.030771800349399827e-03
2.038356257882032851e-03
2.046240161693686603e-03
2.054445204015523455e-03
2.062948085455313611e-03
2.071769583860337462e-03
2.080887257825987137e-03
2.090320966551926715e-03
2.100049110796865272e-03
2.110090625637204599e-03
2.120424738755844352e-03
2.131069454603683449e-03
2.142004812986650526e-03
2.153247880396363077e-03
2.164779494243409576e-03
2.176615775099042475e-03
2.188738343580352939e-03
2.201162365962734072e-03
2.213870231622396770e-03
2.226876143969912843e-03
2.240163246468317854e-03
2.253744771129347676e-03
2.267604600424309117e-03
2.281754986702286270e-03
2.296180535771717018e-03
2.310892512566833316e-03
2.325876229778795976e-03
2.341141957933328289e-03
2.356675699172327155e-03
2.372486723629630648e-03
2.388561704291033028e-03
2.404908906181181614e-03
2.421515653148662277e-03
2.438389201916807934e-03
2.455517505640747097e-03
2.472906811337205295e-03
2.490545678134979419e-03
2.508439343989114865e-03
2.526576948691248818e-03
2.544962724094186526e-03
2.563586363163366209e-03
2.582451097187634607e-03
2.601547142440569817e-03
2.620876738027705204e-03
2.640430591092892548e-03
2.660209960043133717e-03
2.680206007690555739e-03
2.700419026591674952e-03
2.720840597073528183e-03
2.741470064308945079e-03
2.762299384853472185e-03
2.783326978832721069e-03
2.804545134436276649e-03
2.825951373193975880e-03
2.847538266859460897e-03
2.869302469171888630e-03
2.891236783744714680e-03
2.913337031916145726e-03
2.935596193671898783e-03
2.958009298145839773e-03
2.980569442286863137e-03
3.003270908240334228e-03
3.026106846461444101e-03
3.049070842543484712e-03
3.072156032830061518e-03
3.095355362208614819e-03
3.118661881033345240e-03
3.142067954917723577e-03
3.165566472005260264e-03
3.189149285814362259e-03
3.212809041646253784e-03
3.236537153995718789e-03
3.260325940230890656e-03
3.284166454915456255e-03
3.308050597904620225e-03
3.331969149054828973e-03
3.355913496630191697e-03
3.379874237225712324e-03
3.403842148950385251e-03
3.427807742875172130e-03
3.451761083939680966e-03
3.475692701767208858e-03
3.499591840723556124e-03
3.523449159423402109e-03
3.547252969950123996e-03
3.570994176710126644e-03
3.594660043604860997e-03
3.618241843966145573e-03
3.641725673565159114e-03
3.665103304070314785e-03
3.688359539297557128e-03
3.711486784855227636e-03
3.734468425106443872e-03
3.757297641278644490e-03
3.779956267349105208e-03
3.802438407770567311e-03
3.824724212038006343e-03
3.846808861179873678e-03
3.868670683257252694e-03
3.890306094750424146e-03
3.911691462826124774e-03
3.932824603562609309e-03
3.953679781648767287e-03
3.974256381882350191e-03
3.994526423194919192e-03
4.014491032865547329e-03
4.034119839562853339e-03
4.053415891072031582e-03
4.072346280581509541e-03
4.090916158249118667e-03
4.109089936414979209e-03
4.126875052850873318e-03
4.144233094138431196e-03
4.161173973765216680e-03
4.177656308760689836e-03
4.193692678727049122e-03
4.209238589174632388e-03
4.224309477901620064e-03
4.238857599522623774e-03
4.252901443128342951e-03
4.266389876470274602e-03
4.279344633321342448e-03
4.291711062887786261e-03
4.303514336529023002e-03
4.314696158444198543e-03
4.325285329160979617e-03
4.335219787625896326e-03
4.344532152896617150e-03
4.353156485696746229e-03
4.361129409795852681e-03
