 4.21662260160469
 4.21661623138911
 4.21670844352584
 4.21675649465333
 4.21680150803259
 4.21685253570078
 4.21687663008421
 4.21691809603087
 4.21692803198348
 4.21695703698462
 4.21695466480046
 4.21697066605204
 4.21695656778105
 4.21695956709234
 4.21693396701952
 4.21692406156368
  4.2168870554244
   4.216864327744
 4.21681594167557
 4.21678043389196
 4.21672064057621
 4.21667234924544
 4.21660107306049
 4.21653994886688
 4.21645706801166
 4.21638301639199
 4.21628836399621
 4.21620124574961
 4.21609461049541
 4.21599424216774
 4.21587536857599
 4.21576152258652
 4.21563011102423
 4.21550251554299
 4.21535822198128
 4.21521656057256
 4.21505899611404
 4.21490290715969
 4.21473163734888
 4.21456071326184
 4.21437525718751
 4.21418904342187
 4.21398887261648
 4.21378686647733
 4.21357140361543
 4.21335305286843
 4.21312167026265
 4.21288637154065
 4.21263838943213
 4.21238548643411
 4.21212017107165
  4.2118489525478
 4.21156551404933
  4.2112752115647
 4.21097280155341
 4.21066258702247
 4.21034029602974
 4.21000927901357
  4.2096661336408
 4.20931335839893
 4.20894831823059
 4.20857276051999
 4.20818471478073
 4.20778527839486
 4.20737304234398
 4.20694855538547
 4.20651086644304
 4.20606007732433
 4.20559559092341
 4.20511716409019
 4.20462444925078
 4.20411696062387
 4.20359449524432
  4.2030564273759
 4.20250259323834
  4.2019323301793
 4.20134540766607
 4.20074122954144
 4.20011939205991
 4.19947946934989
 4.19882077746357
 4.19814316498824
 4.19744556025276
 4.19672819085926
 4.19598948936232
 4.19523016731367
 4.19444805291899
 4.19364444698521
 4.19281646428159
 4.19196610053454
 4.19108964749251
 4.19018990180763
 4.18926222214778
 4.18831031241756
 4.18732848769678
 4.18632146576343
 4.18528240718761
 4.18421715050442
 4.18311759047932
 4.18199079351427
  4.1808272769495
  4.1796354423474
 4.17840431773238
 4.17714374725689
  4.1758411575324
 4.17450794281349
 4.17312981606718
 4.17171982918534
 4.17026186920558
 4.16877075314974
 4.16722842987818
 4.16565158892143
 4.16402012885189
 4.16235271889588
 4.16062709547449
 4.15886401442165
 4.15703893851157
 4.15517481673256
 4.15324472721543
 4.15127391818877
 4.14923297278445
 4.14714954399483
 4.14499161039108
 4.14278933458326
 4.14050798197766
 4.13818032887397
 4.13576882004176
 4.13330894864137
 4.13076023265818
 4.12816098423002
 4.12546769007834
 4.12272158155028
 4.11987601489481
  4.1169752222948
 4.11396941671454
 4.11090549382611
 4.10773166933867
 4.10449569447054
  4.1011453247839
 4.09772839481576
 4.09419251155316
 4.09058541976075
 4.08685471123405
  4.0830479211818
 4.07911274467144
 4.07509639269744
 4.07094678124107
 4.06671068363511
  4.0623363546895
 4.05787001771129
 4.05326038452775
 4.04855301732955
 4.04369720332973
 4.03873773400721
 4.03362459040007
 4.02840168540494
 4.02301981227772
  4.0175218994204
 4.01185967052785
 4.00607496578777
 4.00012055725113
 3.99403709559729
 3.98777851870729
 3.98138418911158
 3.97480932740705
 3.96809191220743
 3.96118856297295
 3.95413578171218
 3.94689170200435
 3.93949125983301
 3.93189421710461
 3.92413385779353
 3.91617168513855
  3.9080392486961
 3.89969990468607
 3.89118338951966
 3.88245502254265
 3.87354265204197
 3.86441366899116
 3.85509396234257
  3.8455531014309
 3.83581494839951
 3.82585135580215
 3.81568409514071
 3.80528740508794
  3.7946809061506
 3.78384132401197
  3.7727860710674
 3.76149445888439
 3.74998163753843
 3.73822960137924
 3.72625118643312
 3.71403116486105
 3.70158000884916
 3.68888536171706
  3.6759552832906
 3.66278038000052
 3.64936625125108
 3.63570655755218
  3.6218043893052
 3.60765655164665
 3.59326357570031
   3.578625502111
 3.56374024935317
 3.54861118578975
  3.5332335590957
  3.5176141601853
 3.50174550098301
 3.48563789408991
 3.46928104147871
 3.45268888304612
 3.43584822436637
 3.41877674752665
 3.40145825930312
 3.38391431181261
 3.36612559002499
 3.34811766166334
 3.32986794032885
 3.31140617900596
 3.29270633607361
 3.27380255200744
 3.25466510153779
 3.23533275899817
 3.21577182848743
 3.19602602473228
 3.17605731614712
 3.15591474728443
 3.13555547972713
 3.11503439326053
 3.09430322381382
 3.07342335743346
 3.05234027381967
  3.0311227792171
 3.00970895147477
 2.98817629955546
 2.96645386282623
 2.94462971944283
 2.92262142110362
 2.90053045906126
  2.8782589903969
 2.85592651796958
 2.83341296072305
 2.81086386666222
 2.78812296190797
 2.76537717561649
 2.74239568961639
 2.71943265444335
 2.69592848360788
 2.65172650798189
 2.62601538798509
  2.6026733049191
 2.57940704488583
 2.55643461906738
 2.53335628607579
  2.5104225053423
 2.48739341745993
 2.46447129673697
 2.44147695595783
 2.41857859709693
 2.39563054148636
 2.37277741414229
 2.34989526890358
 2.32711162338985
 2.30431794209235
 2.28162874356515
 2.25894707005405
 2.23637717313889
 2.21383115871331
 2.19140367160919
 2.16901784037643
 2.14675660023665
 2.12455336240418
 2.10248125884845
 2.08048225020254
 2.05862113151949
 2.03684706868631
 2.01521767115339
 1.99368824566293
 1.97231013862849
 1.95104393908788
 1.92993548307959
 1.90894993843207
  1.8881282547765
 1.86743959442412
 1.84692054539716
 1.82654377345233
 1.80634195220492
 1.78629083394979
 1.76641956353577
 1.74670662262457
 1.72717796347509
 1.70781448867613
 1.68863925385661
  1.6696353142848
 1.65082309185364
 1.63218755973943
 1.61374674151336
 1.59548732161716
 1.57742513763907
 1.55954840246725
 1.54187096047204
 1.52438239049067
 1.50709471967239
 1.48999874775264
 1.47310484615256
  1.4564049055204
 1.43990779037902
 1.42360636538254
 1.40750812582899
 1.39160680487955
 1.37590865636711
 1.36040818645603
 1.34511052639249
 1.33001086863222
 1.31511333269674
 1.30041371838405
 1.28591523706743
 1.27161422381536
 1.25751307876704
 1.24360860630182
 1.22990248611368
 1.21639193138138
 1.20307798648479
 1.18995821776033
 1.17703311415845
 1.16430054389522
 1.15176051549631
 1.13941115169902
 1.12725205105852
 1.11528154700331
 1.10349889432202
 1.09190259648711
 1.08049162675031
  1.0692646208569
 1.05822032903325
 1.04735748412985
 1.03667466838136
  1.0261706789359
 1.01584398181896
  1.0056934078108
0.995717355474921
0.985914660504421
 0.97628369991917
0.966823287375439
0.957531821637712
0.948408068985589
0.939450490778359
0.930657782043899
 0.92202850533493
0.913561261885329
0.905254751969918
0.897107461698249
0.889118263703378
0.881285508741568
0.873608274721775
0.866084757817615
0.858714272584214
0.851494842288994
0.844426048124781
0.837505722948332
0.830733743369992
0.824107735070395
0.817627897811352
0.811291633996493
0.805099493392299
0.799048639620248
0.793139998589436
 0.78737048016613
0.781741411991208
0.776249435675948
0.770896305801409
0.765678381643099
0.760597869720905
0.755650833263905
0.750839955694806
0.746160990811034
0.741617124047106
0.737203786669719
0.732924691566268
0.728774934626382
0.724758782158341
0.720870982052677
0.717116380738189
0.713489365688014
0.709995391101341
0.706628471806138
0.703394698603452
0.700287701633274
0.697314238562679
0.694467542993249
0.691755071427143
0.689169649286331
0.686719465878476
0.684396927047686
0.682210991207872
0.680153633520426
0.678234620499257
0.676445485883425
0.674796846381216
0.673279784033959
0.671767519208458