471.787230296267
471.787756088277
471.788155111862
471.788218177024
 471.78804397384
471.787599237127
 471.78689439471
471.785938604318
471.784720662356
471.783259005417
471.781537385436
471.779575322504
471.777355653276
471.774896993505
471.772182287184
471.769228799722
471.766019828866
471.762571222876
471.758866684905
 471.75492066891
471.750717285533
471.746269635062
471.741562224381
471.736606840957
 471.73138837233
471.725917330075
471.720178964601
471.714182543824
471.707913661419
471.701380369166
471.694568582562
 471.68748516021
471.680116315988
 471.67246773395
 471.66452590071
471.656295340291
471.647762784042
471.638931606602
471.629788753523
471.620336457115
471.610561843943
471.600466007744
471.590036220126
471.579272437038
471.568162036273
471.556703834166
471.544885272854
 471.53270402498
471.520147552095
471.507212377224
471.493885933191
471.480163586006
 471.46603268827
471.451487440516
471.436515060075
471.421108572865
 471.40525500212
471.388946189697
471.372168901838
471.354913786963
471.337167287004
471.318918847997
  471.3001545154
471.280862524702
471.261028447397
471.240639301407
471.219680100884
471.198136640665
471.175993287682
471.153234610046
471.129844230404
471.105805488789
471.081101158557
471.055713353041
471.029623882549
471.002813638319
470.975263344226
470.946952677792
470.917861142535
470.887967215028
470.857249032973
470.825683889869
470.793248399547
 470.75991869621
470.725669698083
470.690476410643
470.654311869906
470.617149991019
470.578961725074
470.539719944234
 470.49939329454
470.457953662744
470.415367150896
470.371604729549
 470.32662969753
470.280412191622
470.232912426338
470.184099802073
470.133931144399
 470.08237523156
470.029385170269
469.974929249825
469.918956500956
  469.8614348785
469.802308950869
469.741546516714
469.679087264457
469.614899041383
469.548916204614
469.481106884452
469.411399619356
469.339763089838
469.266119489696
469.190438353215
469.112634962163
469.032680048369
468.950481369915
468.866011244333
 468.77916924699
468.689929718152
468.598183340808
468.503906968729
468.406981628747
468.307387237894
468.204994345287
468.099786545581
467.991623026958
467.880491746729
467.766239583129
467.648859618375
467.528185401322
467.404215986932
 467.27677049328
 467.14585492322
467.011272609645
466.873038450979
466.730938624271
466.584993852095
466.434978590438
466.280915998763
466.122569717896
465.959965035457
465.792854781563
 465.62126633678
465.444941684125
465.263910275587
465.077903252759
 464.88695210662
 464.69077719787
464.489412009203
464.282566242845
464.070275308669
463.852238441626
463.628492894419
463.398727701903
463.162981852593
462.920934531968
462.672626331431
462.417727029242
462.156278657249
461.887942128306
461.612760718655
461.330387125749
 461.04086563597
460.743841498425
460.439359732003
460.127059030701
459.806984819085
459.478770264893
459.142460815789
458.797685287446
458.444488704911
458.082496861365
457.711753842067
457.331883913026
456.942929621701
456.544515378756
456.136681504385
455.719054413436
455.291671405949
454.854162959943
  454.4065624454
453.948506674419
453.480024044573
453.000760198214
452.510737368174
452.009612762992
451.497401088383
450.973774110775
450.438737453383
449.891980705907
449.333498634256
448.763002210908
448.180473319697
447.585648193181
446.978493522895
446.358775024467
445.726441559957
445.081292930029
444.423257154333
443.752173139778
443.067944617034
 442.37045508903
441.659580048059
440.935253612425
440.197318500391
439.445766070778
  438.6804010443
437.901279347339
437.108161666557
436.301176647108
435.480033936324
434.644944030556
433.795557367173
432.932176611074
432.054383402281
431.162584343672
430.256280947285
429.335997330222
428.401141371513
427.452370563185
426.488982891898
425.511788023413
424.519954241971
423.514466035361
422.494337505258
421.460755758099
420.412549946801
 419.35114464013
418.275144583862
417.186256560453
416.082809041733
 414.96685014933
413.836361807429
412.693814255181
411.536743962924
410.368158211912
409.185001787739
407.990990932985
406.782247681037
405.563471308055
404.329559211493
403.086667604433
401.827653833987
400.561029631696
 399.27537835896
397.983076735544
396.653649370533
  394.1064124467
392.602041035053
391.228681214752
389.852484935479
 388.48640684021
387.106666698558
385.728137912768
384.336324318854
382.943332040417
381.538182076241
380.131034704953
378.712849606875
377.292452026242
375.862056402429
 374.42952946947
 372.98797357432
 371.54453597036
370.092984743578
368.639906469574
367.179589459051
365.718089007217
364.250354374599
362.781760583334
361.307884432566
359.833530519764
 358.35480324132
356.876021006043
355.393738324109
353.911853282888
352.427309137069
350.943636178445
349.458116854632
347.973956279803
346.488735410638
345.005369302551
343.521703524023
342.040392421279
340.559517561005
339.081497428189
337.604625150098
336.131104642441
334.659419500245
333.191577522376
331.726234389944
330.265217948182
328.807339803749
327.354262150006
325.904938195984
 324.46087725955
323.021161362213
321.587158463779
320.158067898144
 318.73512673853
317.317641224134
315.906727138512
314.501788151614
313.103827618533
311.712337966045
310.328218359293
308.951041999365
307.581611569735
306.219573663662
304.865641736928
303.519528916823
302.181866293717
300.852427130361
299.531766674058
 298.21971232938
296.916749725929
295.622754774794
294.338149452014
293.062852858329
291.797229048999
290.541235281644
289.295183217203
288.059063491848
286.833140713418
285.617434346995
 284.41216712116
283.217382986528
282.033267814092
280.859885883261
279.697391090022
 278.54586405524
277.405431454718
276.276186417632
275.158233036622
274.051673256753
272.956593115555
  271.8730998103
270.801265750485
269.741199939926
268.692965493499
  267.6566698843
266.632371179163
265.620172082926
264.620129780593
263.632339063052
 262.65686032558
 261.69377738409
260.743157868243
259.805071636074
258.879597513817
257.966788490789
257.066738496194
256.179480806276
255.305128310029
254.443691787579
253.595306901343
252.759959208774
251.937810922743
251.128819703445
250.333178061515
249.550813133098
248.781951451338
248.026487045377
247.284684180581
246.556401236286
245.841943912705
245.141132433299
244.454317637062
 243.78127911907
243.122416571217
242.477466518302
241.846881238876
241.230351773591
240.628386751175
240.040629339898
239.467648322674
238.909036630795
238.365427057456
237.836359954442
237.322536045834
236.823440782168
236.339846816861
235.871182397632
235.418296198165
234.980556981913
234.558893641819
234.152613196219
233.762729081601
233.388484332587
233.030981397564
232.689397113385
  232.3649275732
232.056681230325
231.765952642882
231.491779728222
 231.23556054192
230.996260353049
230.775385987397
230.571828002543
230.368385223075