400.781264788424
400.781525314489
400.781726159637
400.781765404147
400.781689754027
400.781484261355
400.781153121677
400.780701304478
400.780123121734
 400.77942763723
400.778606999264
  400.7776706491
400.776610397539
400.775435209468
400.774136987273
400.772724041159
400.771188462229
400.769537885194
400.767764607686
400.765875602991
400.763863373752
400.761734251947
400.759480938643
 400.75710914402
400.754611759306
400.751993890405
400.749248609571
400.746380433768
400.743382606442
400.740259068871
400.737003225178
400.733618452262
400.730098303684
400.726445601477
400.722654036639
400.718725884189
400.714654959737
400.710442997604
400.706083924311
400.701578938397
400.696922062637
400.692113963435
400.687148744141
400.682026541523
400.676741522735
400.671293296392
400.665676075504
400.659888941126
400.653926132916
 400.64778620422
400.641463400771
400.634955747439
400.628257474006
400.621366075621
400.614275742509
400.606983438523
400.599483289017
400.591771724792
400.583842779162
400.575692348079
400.567314343642
400.558704125276
 400.54985545249
400.540763146791
400.531420781329
400.521822638755
400.511962069476
400.501832816977
400.491427969687
400.480740732438
400.469763889319
400.458490108053
400.446911822632
400.435021166462
400.422810173954
400.410270448489
 400.39739357137
400.384170622005
400.370592670648
400.356650280848
400.342333949073
400.327633733503
400.312539488882
400.297040781256
400.281126750051
400.264786485548
400.248008332157
400.230780924331
400.213091725142
400.194928937221
400.176279048825
400.157129859358
 400.13746678107
400.117277243909
400.096545474605
400.075258573237
400.053399462543
400.030954958854
400.007906552786
399.984240830344
399.959937711521
399.934983613576
399.909356736217
399.883043398608
399.856019918542
399.828272597828
399.799775697855
399.770515594998
399.740464305974
399.709608386019
399.677917404136
399.645378212382
399.611957713183
399.577643188442
399.542398638212
399.506211923844
  399.4690438891
399.430883142595
 399.39168709851
399.351445300512
 399.31011143921
399.267676202978
399.224089242755
 399.17934262518
 399.13338162182
399.086199937226
399.037738098715
398.987991736832
398.936896242899
  398.8844494925
398.830581320487
398.775292200671
398.718505957767
398.660226067216
398.600369788739
398.538944399913
398.475860054568
398.411126495099
398.344649085798
 398.27643860744
398.206396009452
398.134532978972
398.060746056012
 397.98504780925
397.907330359107
397.827607134286
397.745765841891
397.661820743027
397.575655158923
397.487284147741
397.396586696051
397.303578614936
397.208134633852
397.110271262742
397.009859080518
396.906915230736
 396.80130628017
396.693049928161
396.582008902563
396.468201366527
 396.35148642011
396.231882582436
396.109245578028
395.983594156346
395.854780963158
395.722824832702
395.587575676793
395.449052246573
  395.3071021164
 395.16174376147
395.012822870686
394.860357422512
394.704191731888
  394.5443430285
394.380654828468
394.213143325689
394.041651880641
393.866195325282
393.686617580275
393.502931745672
393.314983095714
393.122782579478
392.926177701005
 392.72517678426
392.519630527829
392.309544094589
392.094772437172
391.875316951846
391.651038006445
391.421932546759
391.187867626357
 390.94883496823
390.704709700378
390.455477450563
390.201022938162
389.941324709659
389.676278732766
389.405855357253
389.129963609996
388.848564380728
388.561581736703
388.268965674546
387.970657473378
387.666594607863
387.356737954962
387.041010611471
386.719395682365
 386.39179976578
386.058231105897
 385.71857737021
385.372875180389
385.020990472945
384.662991870521
384.298720338492
 383.92828058328
383.551484828799
383.168478502791
382.779040671388
382.383362800301
381.981185584865
381.572752688649
 381.15776022723
380.736511284949
380.308649924395
379.874547235761
379.433786122374
378.986816042376
378.533147481668
378.073320993249
377.606760485709
377.134113552254
376.654699344311
376.169292934826
375.677084786849
375.179004357923
374.674080934191
374.163434894075
373.645888485886
373.122804495554
372.592730000696
372.057346028219
371.514815882806
370.967256446675
370.412255095194
369.852556625731
369.284768029343
368.712570124204
368.130385792302
367.542786513119
366.932686801028
365.942680507457
365.145244606612
364.509620684632
363.878348196788
363.253588340287
362.622435644294
361.991730877176
 361.35419136015
360.715554628914
360.070415420649
359.423609786196
358.770717927457
358.115942537709
357.455486929299
356.793097182941
356.125411821435
355.455834768104
354.781328190814
 354.10498893505
353.424155309453
352.741553254319
352.054866518116
351.366516756531
350.674472987988
349.980902252458
349.284013644854
348.585757509301
347.884548155094
347.182148840268
346.477151565561
345.771156078792
345.062909908646
344.353868388853
343.642916418191
342.931380622667
342.218268166941
341.504790068484
340.790063021639
340.075193500863
339.359396857814
338.643684483766
337.927361001623
337.211350898115
336.495039880323
335.779272677447
335.063508870895
334.348519742059
333.633832340661
332.920150125751
332.207061876029
331.495208291111
330.784234696427
330.074723630136
  329.3663722508
328.659709147085
  327.9544789938
327.251160320296
326.549541338458
325.850054139273
325.152526781538
 324.45734831286
323.764383197288
323.073980643808
322.386038294718
321.700868564576
321.018399233119
320.338908828769
319.662352390068
 318.98897735229
318.318763275909
317.651929197983
316.988476588429
316.328598697416
315.672316401329
 315.01979970333
 314.37108648004
313.726325966293
313.085570718459
312.448951629184
311.816533690328
311.188431833288
310.564721309138
309.945503430018
309.330861590734
308.720885792576
308.115665513129
307.515281722254
306.919827968391
306.329378444437
305.744028801968
305.163848689931
 304.58893393526
304.019351857663
303.455196567817
302.896535255423
302.343458456108
 301.79603541592
301.254351266451
300.718479486022
300.188498000331
299.664486687783
299.146514491038
298.634669850553
298.129010971322
297.629637014215
297.136593712481
296.649993104426
296.169866736207
295.696341681552
295.229433601275
294.769286765882
294.315899268179
293.869434742686
293.429872045744
292.997396351645
292.571965624792
292.153788766339
291.742801205116
291.339237770565
 290.94300972314
290.554380039569
290.173234189086
289.799865535727
289.434132143848
 289.07636002958
288.726378247325
288.384547758935
288.050667011907
287.725134240627
287.407715696558
287.098849251405
286.798267379261
286.506449997108
286.223094228229
285.948724491608
285.683000994641
 285.42649517006
285.178828753452
284.940622764759
284.711458922071
284.492010475179
284.281817590925
284.081608468969
283.890880205172
283.710418755414
283.539676641729
283.379500479023
283.229296733159
283.089975688358
282.960896296922
282.831841161203