1739414.36124733
1739411.33881562
1739450.34890713
1739471.23425126
1739490.90542265
1739513.26532561
1739524.74790194
1739543.38398189
1739549.40498995
 1739563.1785021
1739564.45233196
1739573.16832138
 1739569.9154989
1739573.58606371
1739565.89406737
1739564.56477915
1739552.47441335
 1739546.1840036
1739529.71059935
1739518.48208324
1739497.62112848
1739481.46025073
1739456.18921632
  1739435.084519
1739405.36367814
1739379.28685117
1739345.05976349
1739313.96596987
1739275.15979715
1739238.98790754
 1739195.5136071
1739154.18633443
1739105.93874672
1739059.36268372
1739006.22052294
1738954.28608743
1738896.11184099
1738838.69313356
1738775.33287504
1738712.28745292
1738643.57057223
1738574.73914238
1738500.47799579
1738425.68402969
1738345.67351213
 1738264.7227839
1738178.73982492
1738091.41987404
1737999.22285853
1737905.30237791
1737806.63049222
1737705.85864184
1737600.43114542
 1737492.5367915
1737380.05221391
 1737264.7430932
1737144.87835594
 1737021.8401645
1736894.24962697
1736763.14503231
1736627.45946086
1736487.92703649
1736343.75249541
1736195.40557632
1736042.32223933
1735884.74769708
1735722.30857792
1735555.06551358
 1735382.7951142
1735205.41346767
1735022.80634228
1734834.78541634
1734641.30464981
 1734442.1115471
1734237.18714623
1734026.25511782
1733809.28231379
1733586.00901769
1733356.34647863
1733120.09214708
1732877.06009943
1732627.14561382
1732370.02387162
1732105.72874431
1731833.75464596
1731554.31490855
1731266.68116073
 1730971.2871587
1730667.13958781
1730354.93368213
1730033.36889403
1729703.44307073
 1729363.5060203
1729014.89940982
1728655.58088242
1728287.27719122
 1727907.5111992
1727518.43605714
1727117.09715533
1726706.11538314
1726282.01590829
 1725847.9287109
1725399.81595138
1724941.35804368
1724467.91134704
1723983.74802055
1723483.57584782
1722972.29998785
1722443.93692534
1721904.06599024
1721345.96973124
1720775.94270699
1720186.49101764
1719584.66536313
1718962.15304892
1718326.80164942
1717669.43754098
1716998.74568966
1716304.64966884
 1715596.7120986
1714863.91218858
1714116.73017923
1713343.15972485
 1712554.6383134
1711738.13328097
1710906.07860567
1710044.37503446
1709166.49184611
1708257.22348796
1707331.11285926
  1706371.809075
1705394.96619818
1704383.05090396
1703352.85919861
1702285.67011923
1701199.29262578
1700074.25749333
1698928.69700617
1697742.97469525
1696535.25778188
1695285.85770137
1694012.91185021
1692696.72997186
1691355.37370624
1689969.19628463
1688556.13941673
1687096.64462228
1685608.48995874
1684072.25000122
1682505.49585113
1680888.97986003
1679240.02335512
1677539.60109839
1675804.74238779
1674016.68889663
1672192.13628154
1670312.63744689
 1668394.5135202
1666419.67272518
1664404.02157847
1662329.86742793
1660212.66298528
1658035.15819046
1655812.31372403
1653527.36519466
1651194.74407122
1648798.21426167
1646351.64196234
 1643839.3615102
1641274.63895698
1638642.42064362
1635955.33885631
1633198.99290791
1630385.34900352
 1627500.6997391
1624556.31427253
1621539.21809133
1618459.95372167
 1615306.3184071
1612088.09985745
1608793.90515793
1605432.74041913
1601994.05984799
1598486.06255789
1594899.08633512
1591240.49924474
1587501.55828302
1583688.77770018
1579794.36851652
1575823.96959592
1571770.78000855
1567639.54273504
1563424.47818357
1559129.41387369
1554749.62417879
1550288.00230361
1545740.90866173
1541110.28377321
1536393.60576198
1531591.84428492
 1526703.6266364
1521728.93327002
 1516667.5721527
1511518.51560882
1506282.78414532
1500958.32193608
1495547.39467235
1490046.89664799
1484460.37268199
1478783.64300956
1473021.56748272
1467168.86474873
1461231.74840275
1455203.80351616
1449092.64001979
 1442890.6715851
1436606.95234059
1430232.67916082
1423778.40530591
 1417234.0556581
1410611.74698395
1403900.06427572
 1397112.7647793
 1390237.0091301
1383288.28890086
1376252.23406636
1369146.18715204
1361954.11197123
1354695.34973685
1347352.02281949
1339945.66201973
1332456.31747566
 1324907.9616087
1317278.26173067
1309593.97275095
1301829.94944026
1294016.20331813
1286124.16036481
1278187.77062763
 1270174.1039678
1262122.07025472
1253992.89020875
1245832.03820311
1237592.22431058
1229328.13251034
1220978.33101213
 1212610.9807391
1204133.69491009
1195627.43071995
1186838.41748684
1172791.29143693
1161685.37820023
1152883.59564991
 1144186.3202197
1135622.19728238
1127014.19268848
1118456.24195474
1109850.07853161
1101274.00482499
1092656.11415482
1084061.88976254
1075433.30095234
1066826.75651224
1058193.02756765
1049581.91592259
1040950.36107462
1032343.15496022
1023721.83988518
1015126.73932944
1006524.56708812
 997950.44533588
989375.767820957
980831.391189357
 972292.53841236
963786.499432504
955291.686019202
946832.356252298
938389.615565999
929985.109108818
921602.244312095
 913260.38821718
904944.934383608
896673.244155817
888432.438234883
880238.097458782
872078.854264921
863968.697843798
855897.590965046
847878.091658626
839901.338576395
831978.596622647
824102.047555078
816281.783205406
808510.913311639
800798.462124747
793138.366778009
785538.677520117
777994.070397472
770511.705392309
763086.919150955
755726.056916402
748425.046238968
741189.486240684
734015.833039113
726909.002385828
  719865.9229583
712890.884859811
705981.238799324
699140.702606524
692367.003264082
 685663.33591065
679027.762221139
672463.000889141
 665967.41037427
659543.276210173
653189.218980138
646907.131693865
640695.865277832
 634556.95846505
628489.463310044
622494.600346572
 616571.59583455
 610721.38620172
604943.347045698
599238.162955965
 593605.33584741
588045.329050627
582557.749442166
577142.868104464
571800.377023957
566530.382582822
561332.643386818
556207.127297552
551153.642283915
546172.042584297
 541262.16939564
536423.787026879
531656.754787526
526960.769620554
522335.694760882
517781.181287732
513297.083020155
508883.025680198
   504538.841101
500264.149221563
496058.748022453
491922.270362588
487854.469144736
 483855.00803945
479923.584231325
476059.909342069
472263.614730546
468534.476415394
464872.050307077
461276.192631452
457746.374668687
454282.548084916
450884.090747829
447551.064478105
444282.745310579
441079.319475074
437939.953079693
434864.970617935
431853.420470893
428905.778910969
426020.969055073
423199.632192279
420440.558872724
417744.568425724
 415110.31174028
412538.799060572
410028.534703991
407580.732622419
405193.743812425
402868.998714277
400604.688395529
398402.472626422
396260.376059988
394180.300774716
392160.098629873
390201.927207782
388303.459287898
386467.121454535
384690.401202901
382976.008010254
381321.237957129
379729.097795719
378196.686131417
376727.321968843
 375317.90044675
 373972.06850967
 372686.51191281
371465.222063265
370304.669499983
369209.207586887
368175.085915937
367207.038427028
366301.088162512
365462.369550275
364686.673643278
363913.376238406