0.0973760162565123
0.0973430772297596
0.0973177778282293
0.0973131760794708
0.0973232944408924
0.0973500425762602
0.0973928695670411
0.0974511191043683
0.0975254901107304
0.0976147886528573
0.0977199748306532
0.0978397946525378
0.0979752356820285
0.0981250942934809
0.0982903307430378
0.0984698153711597
0.0986644688159602
0.0988732385729197
 0.099097003456848
0.0993347866192612
0.0995874252790314
 0.099854015766343
 0.100135354542907
 0.100430608525668
  0.10074053443544
 0.101064367260619
 0.101402825070184
 0.101755208518313
 0.102122198157939
 0.102503158009573
 0.102898732285756
  0.10330834616883
  0.10373260874474
 0.104171004235654
 0.104624107852857
 0.105091460806623
 0.105573605724536
 0.106070138811883
  0.10658157144404
  0.10710755287568
  0.10764856460403
 0.108204307024275
 0.108775233174635
 0.109361092708347
 0.109962311671773
 0.110578687110104
 0.111210619596354
 0.111857951708107
 0.112521060118604
 0.113199831075145
  0.11389461898391
 0.114605351886579
 0.115332363618516
 0.116075622118312
 0.116835442415037
 0.117611830415102
 0.118405084179136
 0.119215245611171
 0.120042597719939
 0.120887216386211
 0.121749371567741
 0.122629171040783
 0.123526873803398
 0.124442617375871
 0.125376651984511
 0.126329142661976
 0.127300333154036
 0.128290413683633
 0.129299623917406
 0.130328176845612
 0.131376310574588
 0.132444258327328
 0.133532259293689
  0.13464056427219
 0.135769416312913
 0.136919080998709
 0.138089808157686
 0.139281875220185
 0.140495541859795
 0.141731094259804
 0.142988805165289
 0.144268966247821
  0.14557186671777
 0.146897800287376
 0.148247076203518
 0.149619986575308
 0.151016864444715
 0.152437996464073
 0.153883743426728
 0.155354382450629
 0.156850306245196
 0.158371778077874
 0.159919226958351
 0.161492897733921
 0.163093260329715
 0.164720536334229
 0.166375241446043
 0.168057568871266
 0.169768085195051
 0.171506949816182
 0.173274785587283
 0.175071712356652
 0.176898414906158
 0.178754967454889
 0.180642122670111
  0.18255990270962
 0.184509134390548
 0.186489781005724
  0.18850275010931
 0.190547938935188
 0.192626342699246
 0.194737784973028
 0.196883355911661
 0.199062797391998
 0.201277302154511
 0.203526521900077
 0.205811759985477
 0.208132568985044
 0.210490371304491
 0.212884610950969
 0.215316838230741
 0.217786378631924
 0.220294919649864
 0.222841657769029
  0.22542842741783
 0.228054285037754
 0.230721222208948
 0.233428143713459
 0.236177208996688
 0.238967158963769
 0.241800332159856
 0.244675292744888
 0.247594570273251
 0.250556537948103
 0.253563932244255
 0.256614902816886
 0.259712407450644
 0.262854446041214
 0.266044071459722
 0.269279209016585
  0.27256298084185
 0.275893246809919
 0.279273191476364
 0.282700613118626
 0.286178753084139
 0.289705351754849
 0.293283701340804
 0.296911488330926
 0.300592049439022
 0.304323021616457
 0.308107779267383
 0.311943914536418
  0.31583483223352
 0.319778084823577
 0.323777099750698
 0.327829395344804
  0.33193841340933
 0.336101644124268
 0.340322534858055
 0.344598554089694
 0.348933145422082
 0.353323762570997
 0.357773835489691
 0.362280810583725
 0.366848093700791
 0.371473131932684
 0.376159295974351
 0.380904042174026
 0.385710694414349
 0.390576727476751
 0.395505406136401
 0.400494233427064
 0.405546402059688
 0.410659453821293
 0.415836495710842
 0.421075119495055
 0.426378332088344
 0.431743787238023
 0.437174376637438
 0.442667828845021
 0.448226904386783
 0.453849420355152
 0.459537989298841
 0.465290531531308
 0.471109493886438
 0.476992915632673
 0.482943059147988
 0.488958099532689
 0.495040094873496
 0.501187374234457
 0.507401770372791
 0.513681785834688
 0.520029005676328
 0.526442126986179
 0.532922463257561
  0.53946892890728
  0.54608254032425
 0.552762453985257
 0.559509361724269
 0.566322689018712
 0.573202773509664
 0.580149339142574
 0.587162337200982
 0.594241822477891
 0.601387324792581
 0.608599265547889
 0.615876714538975
 0.623220499502175
 0.630629187562965
 0.638104057193149
 0.645643125328914
 0.653248171153724
 0.660916608030516
 0.668650772535067
 0.676447413953476
 0.684309491079996
  0.69223301989299
 0.700221656236201
  0.70827060273884
 0.716384299561394
  0.72455704239643
 0.732794158652654
 0.741088926305873
 0.749447682968603
 0.757862555982523
 0.766341042149314
 0.774873956285993
 0.783470137860703
 0.792118888640237
 0.800830620970422
 0.809592870401216
 0.818417917370145
 0.827291204498908
  0.83622726882982
 0.845209027531714
 0.854253801930411
 0.863341393605964
 0.872492653726137
  0.88168343354934
 0.890939223010461
 0.900230690081762
 0.909589733239382
  0.91897992095834
 0.928442695193753
 0.937931391492469
 0.947503599965478
 0.957097392562639
 0.966806177040655
 0.976553508821486
 0.986621025681711
  1.00284745002945
  1.01582323901131
  1.02610858307278
  1.03627508248244
   1.0462909145346
  1.05636466758971
  1.06638814872769
  1.07647803541685
  1.08654428697712
  1.09667289691764
   1.1067886693766
  1.11696149617641
  1.12712663309174
  1.13734379519882
  1.14755579007685
  1.15781522915553
  1.16807058986643
  1.17836920522388
  1.18866459014467
  1.19899808554693
  1.20932913498552
  1.21969363161282
  1.23005585597787
  1.24044722924154
  1.25083605483494
  1.26125001255599
  1.27166080693178
  1.28209293792071
  1.29252102550188
  1.30296683116883
  1.31340750366959
  1.32386241966242
  1.33431094356155
  1.34477035524497
  1.35522197747332
  1.36568123142472
  1.37613118389333
  1.38658559670737
  1.39702910002536
  1.40747396522078
  1.41790623180314
  1.42833682533501
  1.43875306201812
  1.44916464672292
  1.45956005695899
  1.46994788615143
  1.48031767182596
  1.49067699219748
  1.50101635509808
  1.51134240902189
   1.5216465519774
   1.5319345792955
  1.54219870699868
  1.55244394634597
  1.56266326586959
  1.57286095557676
  1.58303067659107
  1.59317605519812
  1.60329138989616
   1.6133796963015
  1.62343585903811
  1.63346233230348
  1.64345453895307
  1.65341441778046
  1.66333788481838
   1.6732264067125
  1.68307635002425
  1.69288875015168
  1.70266038357387
  1.71239189332826
  1.72208042692445
  1.73172627220532
  1.74132691027991
   1.7508823094913
  1.76039024834319
  1.76985041011704
  1.77926083553473
  1.78862095618228
  1.79792904068087
  1.80718430137446
  1.81638520117414
  1.82553076486008
  1.83461961660477
  1.84365062464685
  1.85262254186029
  1.86153411041189
  1.87038417968749
  1.87917139578878
  1.88789467270794
  1.89655259010316
  1.90514409487531
  1.91366772954331
  1.92212244235942
  1.93050676774887
   1.9388196238382
  1.94705956579694
  1.95522545017505
  1.96331588156097
  1.97132962345476
  1.97926535841326
  1.98712172534653
  1.99489751323728
  2.00259120475796
  2.01020172371081
  2.01772736473792
  2.02516721481516
  2.03251934858095
  2.03978304451965
  2.04695612507867
  2.05403808858339
  2.06102647285671
  2.06792102440915
  2.07471896372807
  2.08142031387554
  2.08802194498419
  2.09452418506444
  2.10092352053605
  2.10722061279026
  2.11341153080583
  2.11949729782562
  2.12547353125772
  2.13134164470569
  2.13709676944291
  2.14274073797807
  2.14826816041716
  2.15368131674819
  2.15897426037255
  2.16414974735259
  2.16920123830487
  2.17413199396936
  2.17893484551354
  2.18361358695102
  2.18816038270771
  2.19257958863879
  2.19686266445916
  2.20101455638054
   2.2050259807084
  2.20890250244274
  2.21263405499364
  2.21622685046026
  2.21966999901982
  2.22297038801736
  2.22611626313727
  2.22911521489932
  2.23195458223215
  2.23464268647886
  2.23716591645785
  2.23953335162952
  2.24173038615379
  2.24376688445782
  2.24580386148822