696030.044705997
696030.086823816
696046.657827994
696055.189941244
696062.677112808
696070.608353095
696073.575579465
696078.818016913
696078.397605873
696080.508517531
696077.008732471
696075.923847844
696069.446920764
696065.181143886
696055.770317939
  696048.3474182
696036.022331177
696025.458783043
696010.224302306
695996.525868086
695978.374553738
695961.535806784
695940.448792141
695920.453265933
695896.400696512
695873.221118162
695846.162425171
695819.760910771
 695789.64498937
695759.973176823
695726.738489995
 695693.73760744
695657.312223949
695620.913096545
695581.214667964
695541.337666331
695498.273346768
695454.828280064
 695408.29459145
695361.180547517
695311.063192745
695260.168327329
695206.341953062
695151.543229632
695093.871140173
695035.034021531
694973.367844795
  694910.3459373
694844.525243623
694777.159894595
694707.011768825
694635.131617421
694560.470184517
694483.890666165
694404.516570312
694323.039374609
694238.739211704
694152.151693519
694062.697396715
 693970.77194011
693875.920118018
693778.413452509
693677.904679547
 693574.55714815
693468.115206481
693358.649984945
693245.981057404
693130.103323996
693010.895137425
692888.291192681
 692762.21211108
692632.548446942
692499.246513929
692362.168831787
692221.270761958
692076.402939211
691927.513058086
691774.456062982
691617.155195432
691455.485950165
691289.330257387
691118.600449614
690943.120215001
690762.855058259
690577.553422824
690387.250366649
690191.602014986
689990.729405923
689784.179204152
689572.174899284
 689354.13648688
689130.406422054
688900.260760011
688664.177475473
688421.271353907
688172.172480775
687915.816989715
687653.003701415
687382.472669382
687105.208103028
686819.736508814
686527.244162426
686226.026526491
685917.488638933
685599.677401879
685274.233323561
684938.937220297
684595.681783841
684241.964223337
683879.946124754
683506.823586624
683125.043788982
682731.484249628
682328.894422679
681913.815825295
681489.316836187
 681051.58562059
680604.026092534
680142.455802588
679670.630760121
679183.980748351
678686.630369806
678173.604620769
677649.413120495
677108.659216454
  676556.2538814
 675986.36213595
 675404.31254318
674803.815331016
674190.632772569
673558.004096784
672912.141185215
672245.796802549
 671565.64582367
670863.951334147
670147.803414994
669409.147569682
 668655.21053824
667877.861239047
667084.342660683
666266.495203971
665431.552040074
 664571.34587365
 663693.08198202
662788.604073931
661865.072236463
660914.359816654
 659943.56464261
658944.608421088
657924.509865869
656875.257853913
655803.775370763
654702.137352244
653577.154714818
652421.007406885
651240.378240113
650027.571179579
648789.125233415
647517.487421709
646219.037618506
644886.384953768
643525.735235182
642129.878754751
640704.832748197
639243.587698334
637751.958216089
636223.153958323
634662.773334262
633064.264089082
631432.995348844
629762.671767745
628058.420617723
626314.222163673
624534.949772809
622714.877877288
620858.614413095
618960.746364831
617025.605231604
615048.108738311
613032.301451169
610973.449800922
608875.301414335
606733.489148063
604551.454142077
602325.213133075
600057.891644732
597745.907465496
595392.061737315
592993.190178575
590551.761080639
588065.044672585
  585535.1681402
582959.852511914
580340.875727212
577676.425627642
574967.922761397
572214.037554178
569415.824873766
566572.453309244
 563684.60345053
  560751.9575119
557774.812707231
554753.380323993
551687.564375629
548578.120797133
545424.549585736
542228.167210463
538988.057531599
535706.113994355
532380.990522581
529015.174851983
525606.875041478
 522159.19171391
518669.868456533
515142.639189839
511574.761064751
507970.624214862
504326.973177037
500648.880622329
496932.546987431
493183.758407305
489398.132993099
485582.207465995
481730.970737468
477851.755593764
473938.863615858
470000.480472756
466030.147373333
462036.975231111
458013.651662312
453970.306810558
449898.653452589
445809.965622116
441694.819838371
437565.803298779
433412.134992973
429247.951503376
425060.799380246
420866.705212841
416651.072106755
412432.327763689
408192.977003453
403954.652742422
399695.620346835
395442.044477863
391165.119574037
386897.683073517
382595.415095374
378297.483989883
373878.590004996
366839.782835937
361292.034910234
356921.274674653
352625.008025252
348416.450085263
 344208.26792593
340046.343370687
335882.888420243
331755.836970207
327630.640037668
323538.697314553
319452.431044144
 315398.58815061
311354.013462741
307342.042129519
303342.618096625
299376.469509035
295425.852088858
291509.187730985
287611.252162981
283747.873030741
279906.073605499
 276099.56058801
272317.178096624
268570.866229725
264850.969339944
261167.932988095
257513.354537659
253896.398886422
250309.721549253
246761.378365203
243244.926583925
239767.453166601
236323.289593297
232918.670290935
229548.595664903
226218.545541348
222924.101299321
219670.071647273
216452.544765648
 213275.73021719
210136.159904218
207037.506919943
203976.692847665
200956.909383742
197975.421195528
195034.987360387
192133.175221651
189272.354743971
186450.360727195
183669.213066283
180926.983180612
178225.376119972
175562.672812324
172940.295387362
170356.710357292
167813.085979042
165308.053164262
162842.552812423
160415.361416052
158027.216786473
155677.024230928
153365.340734813
151091.185440845
148854.954965064
146655.768867564
 144493.88221751
142368.502942417
140279.761900572
138226.944539384
136210.073484048
134228.501913935
132282.158953354
130370.456661715
128493.244248949
126649.984631286
 124840.45963453
123064.175743792
121320.858955557
119610.052689546
 117931.43776593
116284.588486978
114669.150315357
113084.722903255
111530.925403002
110007.377748233
108513.681114603
107049.471064095
105614.338470246
104207.930242454
102829.834018673
101479.704108619
100157.131421348
98861.7740194909
97593.2320756278
96351.1640271358
95135.1848315278
93944.9501647095
92780.0948606489
91640.2689150368
90525.1317391574
89434.3249251586
88367.5368093098
 87324.398032373
86304.6298859747
 85307.849669106
84333.8153762721
83382.1287153532
82452.5878815464
81544.7768684129
80658.5373519617
79793.4336007351
 78949.353864957
78125.8407774957
77322.8320996208
76539.8470065408
75776.8755802603
75033.4117945737
74309.5007636602
73604.6095848612
72918.8410462965
72251.6337538728
 71603.150770135
70972.8006467539
70360.8093083554
69766.5537347405
69190.3253162734
68631.4679822003
68090.3412375683
67566.2545159234
 67059.638161501
66569.7656961688
66097.1411348802
65641.0006974668
65201.9250411184
64779.1117165949
64373.2211700493
63983.4109384313
63610.4246163489
63253.3784048227
62913.1026600252
62588.6709498667
62281.0043035169
61989.1323877005
61714.0711635524
61454.8051645192
61212.4499453513
60985.9437200609
60776.5067629416
60583.0298418645
60390.2885690138