6.07182196752578
6.07181444102673
6.07195291236337
6.07202615298484
6.07209375949728
6.07216917433057
6.07220509305024
6.07226451653098
6.07227836928766
6.07231785883617
6.07231219553018
6.07233110528526
 6.0723067311201
 6.0723051290376
  6.072262370659
6.07224043045223
6.07217943947894
6.07213729979323
6.07205812766429
6.07199586138713
6.07189847949451
6.07181608864233
6.07170039502477
6.07159781122676
6.07146363364784
 6.0713407195411
6.07118781731655
6.07104436778247
6.07087243295112
6.07070817597272
6.07051683398133
6.07033143109649
6.07012024106428
 6.0699132874324
6.06968174203165
6.06945276613601
6.06920029111499
6.06894875412181
6.06867470749018
6.06840000228082
 6.0681036731725
6.06780512306163
6.06748573028693
6.06716258743606
6.06681927773088
6.06647072126298
6.06610256724008
6.06572770105887
6.06533369886338
6.06493154917768
6.06451061584699
6.06408012839921
6.06363109892537
 6.0631711359212
6.06269276001256
6.06220209674772
6.06169303528537
6.06117035646443
6.06062917764829
6.06007307338978
6.05949824856856
6.05890721009023
6.05829710926949
6.05766952424781
6.05702241126954
6.05635655886683
6.05567058625534
6.05496463180884
6.05423783527677
6.05348982464404
6.05272011725367
6.05192797080911
  6.051113136784
6.05027464306209
6.04941233124537
6.04852514022686
6.04761285718292
6.04667447322102
6.04570957597827
6.04471735036306
6.04369703879676
 6.0426481619572
6.04156947081242
6.04046096415644
  6.039320754713
6.03814946210832
6.03694441349098
6.03570699239063
6.03443359253006
6.03312650474925
6.03178104100168
6.03040054315499
6.02897909259111
6.02752122620182
6.02601964557887
6.02448022687616
6.02289414231046
6.02126875173325
6.01959354809478
6.01787751952633
6.01610832958172
6.01429673934314
 6.0124284326782
6.01051608831535
6.00854326007472
6.00652468897848
6.00444164846582
6.00231108637283
6.00011184556256
5.99786322499093
5.99554148700996
5.99316842569248
5.99071757333885
5.98821336272519
 5.9856264470999
5.98298404100837
5.98025377034606
5.97746577385622
 5.9745845026512
5.97164316133905
5.96860287987375
5.96550006950238
5.96229239389759
5.95901961068882
5.95563577360647
5.95218412523068
5.94861496737335
5.94497516480707
5.94121112737507
 5.9373734777686
5.93340459614872
5.92935899636368
5.92517489782585
5.92091081564935
5.91650078752563
5.91200688911468
5.90736050085312
5.90262484518747
5.89773069466724
5.89274139935344
5.88758753082393
5.88233234031297
5.87690637599972
5.87137263071406
5.86566178849664
 5.8598364305231
5.85382753484584
5.84769711942966
 5.8413766146222
 5.8349273251951
5.82828129218234
5.82149895899276
5.81451313571524
5.80738325831059
5.80004306412147
5.79255083793905
5.78484140223254
5.77697174954737
5.76887794486018
5.76061555032213
5.75212203013253
 5.7434513811056
5.73454262253193
5.72544805442269
5.71610840599448
5.70657415272503
5.69678788736591
5.68679813710908
5.67654951042941
 5.6660884666796
5.65536178062979
5.64441372863196
5.63319340051336
5.62174277901528
5.61001341578489
5.59804489401387
5.58579137175265
5.57328993144756
5.56049747978887
5.54744850204229
5.53410279327866
5.52049214986274
5.50657939236622
5.49239354113027
5.47790057663432
5.46312666047287
5.44804106467413
5.43266701347319
5.41697719932036
5.40099183419734
5.38468715714342
 5.3680802962051
5.35115116061008
5.33391372536423
5.31635169114988
5.29847581262157
5.28027370120067
5.26175282472645
5.24290482315646
 5.2237338107593
 5.2042355730092
5.18441080219749
5.16425954636598
5.14377900415113
5.12297360443898
5.10183697533111
 5.0803780475495
5.05858679426862
5.03647677366229
5.01403420929451
4.99127741947228
4.96818876980441
4.94479148160215
 4.9210639363815
4.89703441553037
4.87267716741268
4.84802570994792
4.82304997990492
4.79778893431941
4.77220798225941
4.74635175747201
4.72018087674912
 4.6937459349994
4.66700242929242
4.64000726305245
4.61271040367483
4.58517549551097
4.55734645636486
4.52929422023702
4.50095598593818
4.47241068736589
4.44358792667511
4.41457557679314
4.38529446644666
4.35584267942321
4.32613064804556
4.29626843791721
4.26615376348397
4.23591122145626
4.20542232221685
4.17483001400637
4.14399399899813
4.11308158229989
  4.081920678812
4.05071285218911
4.01923313175082
 3.9877333164544
3.95587258316558
3.92395041734319
 3.8910217609952
3.83845243374252
3.79693318069461
3.76409269583747
3.73169847652109
3.69985488609169
3.66790283184748
3.63619089242772
3.60435493957194
3.57268476189487
3.54091495496936
3.50928705750378
3.47758763919247
3.44602401540934
 3.4144157255885
3.38294510734193
3.35145480486444
3.32010816615284
3.28876507414263
3.25757198681761
3.22640796276799
 3.1954000248918
3.16444450271178
3.13365249701726
3.10293442351293
3.07238808653121
3.04193559199684
3.01166345948054
2.98150363435846
2.95153292908719
2.92169166622427
2.89204821368833
 2.8625500937638
2.83325825846173
2.80412646623321
2.77520910465981
2.74646536879684
2.71794379679836
2.68960834879343
2.66150232174995
2.63359387089285
2.60592157557173
2.57845729781934
2.55123535492903
2.52423089399288
2.49747437055118
 2.4709438498162
2.44466628048352
2.41862232454959
2.39283574109246
 2.3672895058447
2.34200447390167
2.31696568409362
2.29219134642361
2.26766833981767
2.24341246522213
2.21941224238129
2.19568127950964
2.17220955838169
2.14900869365372
2.12606996813528
2.10340318704444
2.08100078875943
2.05887093985778
2.03700710243447
2.01541596334078
1.99409188852249
1.97304023334044
1.95225615831764
1.93174382589901
1.91149909130461
1.89152505384221
1.87181817190585
 1.8523806033928
1.83320932580475
1.81430566994759
1.79566705503584
1.77729409226056
1.75918457113792
1.74133848437799
1.72375392576626
 1.7064303647704
1.68936613825807
1.67256028220233
1.65601131973823
 1.6397179379712
1.62367879344116
1.60789230423343
1.59235721100777
1.57707173821579
1.56203466459434
1.54724409218597
1.53269879470299
1.51839681912564
1.50433689370996
 1.4905170741138
1.47693600513008
1.46359181148795
1.45048301871275
1.43760787790437
1.42496476151636
1.41255210146957
1.40036808515705
1.38841137716073
 1.3766799494709
1.36517274879527
1.35388750287049
1.34282348785048
1.33197815971558
1.32135116947049
1.31093967505303
 1.3007437460344
1.29076021711819
  1.280989618695
1.27142843802389
1.26207770733145
1.25293354309886
1.24399751939658
1.23526535937449
1.22673921817593
1.21841440375649
1.21029369101625
1.20237195146163
1.19465261812653
1.18713010534558
1.17980854260139
 1.1726818667983
1.16575494237406
1.15902120894709
1.15248630487058
1.14614315297026
 1.1399982052052
1.13404384840627
1.12828738884983
1.12272065843738
1.11735185980271
1.11217225122615
1.10719097539951
 1.1023986985198
1.09780554905296
1.09340158287934
1.08919796235746
1.08518411506533
1.08137228819804
1.07775126332843
1.07433442672161
1.07110989658631
1.06809225629869
1.06526894377791
1.06265580193357
1.06023957202486
1.05783119214504