399.349116114942
399.349635305316
399.350035560575
399.350113769219
 399.34996300946
399.349553492399
399.348893579536
399.347993174938
399.346840944048
 399.34545495067
399.343819548831
 399.34195355495
399.339840650961
399.337498704266
399.334911579811
399.332095840647
399.329035728315
399.325746460038
399.322212689472
399.318448316069
399.314438402607
399.310195570869
399.305705279657
399.300978912011
399.296002306327
399.290785641854
399.285315118423
 399.27959974211
399.273626054631
399.267401915365
399.260914187007
399.254169604846
399.247155330226
399.239876993385
399.232322030468
399.224494982399
399.216383534654
399.207991151533
399.199305740619
399.190329699515
399.181051128801
399.171471366778
399.161578675895
 399.15137334028
399.140843750955
399.129989140994
399.118797994366
399.107268494469
399.095389180095
399.083157184867
399.070561061595
399.057596892822
399.044253201683
399.030525017417
399.016400786673
399.001874482528
398.986934424956
398.971573527681
398.955779930156
398.939545483519
398.922858088882
398.905708531839
 398.88808441301
398.869975450092
398.851368876342
398.832253340148
398.812615635374
398.792443340998
398.771722733829
398.750440325026
398.728581790537
398.706132577398
 398.68307767018
398.659401458053
398.635088136372
 398.61012104575
398.584483486517
398.558157763623
398.531126167891
398.503369985685
  398.4748703744
398.445607623736
398.415561623509
398.384711694223
398.353036312873
398.320513864599
398.287121256322
398.252835978885
398.217633198896
398.181489562186
 398.14437831079
398.106275304091
 398.06715166017
 398.02698252099
397.985736665002
 397.94338859753
397.899904524185
397.855258407615
397.809413628512
397.762343715546
397.714008952146
397.664382558136
397.613421425575
397.561098608861
397.507367291234
397.452200525392
397.395547443281
397.337381282132
 397.27764675331
397.216317489691
397.153333384079
397.088668703582
397.022258093748
396.954076724762
396.884053533408
396.812164895062
396.738333541166
396.662537390938
396.584692436441
396.504778519414
396.422704318563
396.338452020614
396.251922374315
396.163100381678
396.071878199479
395.978244167469
395.882081140053
395.783381373962
395.682017659312
395.577986810807
395.471150737341
395.361511520632
395.248919307769
395.133382256347
395.014737672924
394.893001387039
394.767996816169
394.639744821811
394.508059548024
 394.37296407434
394.234264039081
394.091984493466
393.945922607966
 393.79610537298
393.642321500244
393.484599894894
393.322720853936
 393.15671516229
392.986354790531
392.811672354832
392.632431637131
392.448667020755
392.260134291384
392.066869517686
391.868620741377
 391.66542561458
391.457024752797
391.243457267007
 391.02445673549
390.800063577819
390.570004801302
390.334321954898
390.092736024657
389.845289477117
389.591697916685
389.332004478974
389.065920122898
388.793488363395
388.514416353408
388.228747651108
387.936186553417
387.636776273606
387.330219320225
387.016558115123
386.695494571341
386.367069807258
386.030986466291
385.687283777783
385.335666582578
384.976171552925
384.608507343849
384.232707309864
383.848485695711
383.455871673528
 383.05458702182
382.644655748814
382.225809289895
381.798065376329
381.361167414197
380.915125596547
380.459697817702
379.994885303963
379.520463173944
379.036422069478
378.542557305075
378.038847105871
377.525110209368
377.001310347841
376.467293188029
375.923005614853
375.368324038049
374.803175821834
374.227472274655
373.641118199752
373.044064344129
372.436189485304
371.817488785003
371.187811036313
370.547201293223
369.895473826956
369.232729644551
368.558743274684
367.873678425318
367.177263848306
366.469733520421
365.750763404157
365.020666304859
364.279057193972
363.526337481616
362.762051483188
361.986700503336
361.199746710697
 360.40180450627
359.592240107592
358.771796669072
357.939727668581
357.096923880217
356.242505325839
 355.37753354372
354.500969091781
353.614073248313
352.715613773506
351.807088814695
350.887029524408
349.957219789228
349.015894761715
348.065190442689
347.102962246449
346.131791850853
 345.14903064851
344.157843851279
343.154880875841
342.144104357891
341.121111680315
340.091012291088
339.047615002016
337.997736692145
336.931206009757
335.856464364056
334.742385275891
332.938512165012
331.489061961966
330.335992100296
329.192804433126
 328.06336163404
326.924332590929
325.788090590706
324.641545732087
323.495053948104
322.338947918959
321.181933181318
320.016141026268
318.849114435475
317.674123464863
316.497870059542
315.314420780368
314.129844696158
312.938801571683
311.746793781865
310.549162212765
309.350733735019
308.147471593454
306.943648591903
305.735740371643
304.527556252262
303.316001603029
302.104491467061
300.890297109455
299.676493389057
298.460667025411
297.245595812021
296.029141269786
 294.81381909996
293.597732296792
292.383163278762
291.168428778665
289.955602000448
288.743190026657
 287.53307721531
286.323941038915
285.117494455011
283.912568108651
282.710718667203
281.510914950693
280.314570562971
 279.12077931793
277.930823449828
 276.74391008631
275.561200528976
 274.38200479048
273.207372638407
272.036707593453
270.870956424495
269.709607673911
268.553512924802
267.402238014205
266.256546544351
265.116074571447
 263.98150440699
262.852535813234
261.729776062768
260.612982598832
259.502693531603
258.398718386035
257.301531663116
256.210989743519
255.127508792204
254.050987148304
252.981787669843
251.919846047941
250.865476648792
249.818648167287
248.779631104151
247.748423040117
246.725255069312
245.710149746471
244.703303068485
243.704758837344
242.714682127858
241.733134429299
240.760253948446
239.796116452613
238.840837224773
237.894503037682
236.957210094742
236.029053025728
235.110112707356
234.200488591122
233.300249896283
232.409497964051
231.528293948728
230.656738243708
229.794887460484
228.942838293646
228.100646269579
227.268401712479
226.446162462473
225.634009874661
 224.83200744829
224.040225037631
223.258735098202
222.487593513249
221.726884948685
220.976648903064
220.236985469001
219.507915398606
218.789557394979
218.081911149656
217.385117132879
216.699151705115
216.024180238886
215.360153533007
214.707264981711
214.065437627997
213.434895997609
 212.81553321677
212.207608049306
211.610981573847
211.025949902385
210.452339962482
209.890488335068
 209.34018571792
208.801812299966
208.275120492848
207.760537258939
207.257774687661
206.767309715409
206.288812091699
205.822811971921
205.368934764801
204.927767144169
 204.49888819273
204.082944467529
203.679466754757
203.289164936451
202.911519546194
 202.54730732266
202.195956605322
201.858314624838
201.533755600358
201.223201008838
200.925969039862
200.643059306731
200.373732079533
200.119069152037
199.878271007819
199.652505839899
199.440912506129
199.244750014782
199.063093792864
 198.88155453113