39.0264829553431
39.0133069709491
39.0031869840177
 39.001346506215
39.0053943984496
39.0160945566197
39.0332265709078
 39.056527857555
 39.086277934086
39.1219991252214
39.1640753886324
39.2120049976304
39.2661828595434
39.3261273704399
39.3922224777346
39.4640161421297
39.5418764263669
39.6253821320816
39.7148845547211
39.8099927373044
39.9110412982695
40.0176685305409
40.1301927102224
40.2482803423216
40.3722337660999
40.5017466909653
 40.637105953764
40.7780315039972
 40.924795129018
41.0771420961338
41.2353296118636
 41.399127376554
41.5687784995772
  41.74407626209
41.9252501750124
42.1121162757381
42.3048909907627
42.5034123121271
42.7078841118406
 42.918165553513
43.1344485012956
43.3566125215055
43.5848380347237
43.8190242511758
44.0593407309536
44.3057055754224
44.5582780873489
44.8169945085519
45.0820045091566
45.3532617189487
45.6309068231869
45.9149100814992
46.2054038668445
46.5023743011157
46.8059461441556
47.1161205992773
47.4330155409543
47.7566464559853
48.0871250918463
48.4244803999386
48.7688187919163
49.1201818400529
49.4786714464491
49.8443409317154
50.2172885521625
50.5975784713658
50.9853062036208
51.3805458131434
51.7833910186254
52.1939248014388
 52.612240076455
53.0384277132427
53.4725808628569
53.9147972041989
54.3651712156941
54.8238062522515
55.2907992651078
55.7662580927112
56.2502833619899
56.7429861384943
57.2444719884611
57.7548538791688
58.2742436439275
58.8027547523124
59.3405067001448
59.8876119805362
60.4441992185643
61.0103783673564
61.5862887230493
62.1720360449155
62.7677719208713
 63.373596166365
63.9896743647015
64.6160985355254
65.2530500481095
65.9006111662389
66.5589809268908
 67.228229763636
67.9085763583473
68.6000771193532
69.3029724504668
70.0173024125582
 70.743331312778
71.4810804084802
72.2308402005074
72.9926105460147
73.7667105435465
74.5531159058566
75.3521768516487
76.1638420505469
76.9884954872099
77.8260557277871
78.6769432970002
79.5410434283931
80.4188160942413
 81.310109790335
82.2154269825315
83.1345758404334
84.0681045132925
85.0157770655068
85.9781906686554
86.9550613050303
87.9470386620227
88.9537864577462
89.9760105489673
91.0133179951184
92.0664746416296
93.1350262750899
94.2198027204491
95.3202836500496
96.4373670388021
97.5704613586274
 98.720537142606
99.8869260610098
101.070677157647
102.271032485928
103.489124925738
104.724135951525
 105.97723228698
107.247564358154
108.536322286626
109.842628970719
111.167694952525
112.510617027721
113.872623645208
115.252786862628
116.652350398742
118.070363049198
119.508080991283
 120.96453136596
122.440979815358
123.936433572471
125.452164563872
126.987162008171
128.542700745523
130.117754028263
131.713596045389
133.329186293525
 134.96579454882
136.622368933447
138.300170849287
139.998139604616
141.717524063379
143.457257468818
145.218571778678
147.000397117853
148.803943962783
150.628142474608
152.474176864241
154.340980702361
156.229706938557
158.139296156665
160.070864834744
162.023364416365
163.997869480017
165.993346432386
168.010822302204
170.049282834768
172.109701631158
174.191088440007
176.294357321932
  178.4185470021
180.564505643599
182.731306251675
184.919724478457
187.128873268202
189.359448876742
191.610610230545
193.882967012014
196.175730590887
198.489416581971
200.823295716471
203.177781698546
205.552212042478
207.946890309825
210.361228777806
212.795412194489
215.248936203503
217.721857567217
 220.21376460116
 222.72457633078
225.253983845658
 227.80175800747
230.367703693574
232.951432379115
235.552874795054
238.171470861353
240.807290453574
243.459588634307
246.128589154701
248.813347548456
251.514257882247
254.230159821934
 256.96163623857
259.707292544164
262.467921386172
265.241873001789
268.030173831424
270.830894847874
273.645324080844
276.471225147152
279.310180219643
282.159612353607
285.021436498756
287.892695320797
 290.77568308368
293.667013526988
296.569417242309
299.479018849696
302.399056482399
305.325089516987
308.260954605049
311.201547447555
314.151422573255
317.104681423677
320.066758122816
323.030781317845
326.003292798911
328.976195403199
331.957477366167
334.937441364972
337.926062273319
340.911460007498
343.906552453378
346.896323083019
349.898647120219
352.893839470945
355.910730940357
358.925197811413
362.023503807776
366.984684003846
370.923025085866
374.026450397104
377.078065291199
380.068929152536
383.061528689955
386.023691744845
388.989850005018
 391.93342510583
  394.8794655737
397.805978817798
400.733077880538
403.642016569004
406.549780118811
409.439984531738
 412.32742529614
415.197506589045
418.063391728482
420.912061540664
423.754885602075
426.580637470493
429.399078670447
432.200441530918
434.993178383686
437.768731041039
440.534466595179
443.282845679204
446.020322401384
448.740227054971
451.448236247782
454.138430946393
456.815818847417
459.475135049002
462.120806789108
464.748143785106
467.361065886264
469.955391062187
472.534592886802
 475.09494151746
477.639515930401
480.164990590306
482.674094006896
 485.16386365193
487.636715592183
490.090014354743
492.525896591252
494.942022323021
497.340277688894
499.718590280458
502.078621189803
504.418540693201
506.739807417257
509.040811995342
511.322830730688
513.584454455532
515.826795215867
 518.04862573705
520.250910096359
522.432586198696
524.594484910464
526.735693979517
 528.85692449424
530.957399906702
533.037723807611
535.097242262436
 537.13646263743
539.154841442276
 541.15280020817
543.129894534485
545.086469727942
547.022169846639
548.937272894522
550.831501402945
552.705074383227
554.557783432768
556.389796335637
558.200964868028
559.991412865326
561.761043864403
 563.50994459416
565.238062358572
566.945453230027
 568.63210067115
570.298036194305
571.943272162402
573.567821304949
575.171717945446
576.754961518613
578.317601659187
579.859629732948
581.381104301046
582.882013647908
584.362419117178
585.822310682734
587.261746545812
588.680722943094
590.079289207139
591.457452230773
592.815246931068
594.152695086163
 595.46981181211
596.766637851772
598.043163278514
599.299451742751
600.535463160595
601.751287908368
602.946850741151
 604.12227246616
605.277437768409
 606.41250148792
607.527303409576
608.622035914553
609.696489120698
610.750896373912
611.784993405465
 612.79905787297
613.792766432922
614.766444332591
615.719704480492
616.652922929449
  617.5656441651
618.458298206136
619.330356421391
620.182305905952
621.013540180836
621.824606483636
622.614815700719
623.384778238563
624.133717486203
624.862310009534
625.569686740725
626.256593363365
  626.9220632739
627.566914201852
628.190076785331
628.792443699681
629.372837432523
629.932228477191
630.469325580402
630.985179896806
631.478380612589
631.950062356378
632.398688670964
632.825480436509
633.228769168149
633.609864734022
633.966959894522
634.301456192484
 634.61140051613
634.898288707537
635.184841031652