434.489664054068
434.489907153275
434.490091694778
434.490121036353
434.490040772076
434.489835534027
434.489510140506
434.489068821662
434.488506402302
434.487831398789
434.487036305139
434.486130137904
434.485104967829
 434.48396939334
434.482715534308
434.481351364998
 434.47986916823
434.478276263259
434.476565119726
434.474742412449
 434.47280079887
434.470746328169
 434.46857184043
434.466282778095
434.463872156726
434.461344829131
434.458693978173
434.455923881953
434.453027881628
434.450009693338
434.446862806667
434.443590386432
434.440186059837
434.436652449003
434.432983306928
 434.42918071974
434.425238553296
434.421158362632
434.416934112346
  434.4125668296
 434.40805056236
434.403385811593
434.398566691953
434.393593178489
434.388459434515
434.383164908209
434.377703792112
434.372075005522
434.366272749327
434.360295411058
434.354137177571
434.347795901048
434.341265730364
434.334543978262
434.327624730036
 434.32050475457
 434.31317804622
 434.30564082544
434.297886966391
434.289912136551
 434.28171005858
434.273275842616
 434.26460302626
434.255686158302
 434.24651855525
 434.23709420105
434.227406152354
434.217447825448
434.207211975338
434.196691448686
434.185878653717
434.174765866548
434.163345099789
434.151608059322
434.139546309236
434.127150986948
434.114413150629
434.101323372717
434.087872143143
434.074049474836
434.059845221777
434.045248845177
434.030249489473
434.014836074609
433.998996955485
433.982720524323
433.965994259521
 433.94880604267
433.931142381161
433.912990667108
433.894336334218
433.875166310927
433.855464845758
433.835218434561
433.814410019642
433.793025701369
433.771046984526
433.748459617904
433.725243526397
433.701384158809
433.676859705855
433.651655376593
433.625747460461
433.599120996709
433.571750192626
433.543619998458
433.514702343674
433.484982182448
433.454428954863
433.423027725461
433.390745216323
433.357566723804
433.323456005071
433.288398726384
433.252355413462
 433.21531225898
433.177226269657
433.138084341426
433.097839651932
433.056479999634
 433.01395439892
432.970251774705
432.925316618149
432.879139231638
432.831659195545
 432.78286847045
432.732701308891
432.681151642883
432.628147948572
 432.57368647821
432.517689449207
432.460155822324
432.401001034616
432.340227202487
432.277742342157
432.213552624233
432.147557994534
432.079767245504
432.010074761829
431.938490377411
 431.86490332193
431.789324318394
431.711637427956
431.631854236437
431.549853602641
431.465647954325
431.379110932232
431.290255779104
431.198950925905
431.105210395438
431.008897444386
430.910026831517
430.808456705115
430.704202505379
430.597117371791
430.487217359601
430.374350736313
430.258534092427
430.139611001214
430.017598493417
 429.89233567063
429.763839891648
  429.6319460578
429.496671724339
429.357847916839
429.215492233509
429.069432206207
 428.91968529789
428.766075990866
428.608621406784
428.447143489514
 428.28165878195
428.111987272585
427.938144652751
427.759949615834
427.577416688928
427.390364013303
427.198804594219
427.002556852344
426.801631862846
 426.59584925202
426.385217699512
426.169559064795
425.948879102007
425.723003039838
425.491933103914
425.255499144514
425.013699173088
424.766369038891
424.513501759753
424.254940696091
423.990672986069
 423.72055115938
423.444555467008
423.162549424836
 422.87450525032
422.580299436334
422.279894861272
421.973183177577
421.660116435789
421.340603843795
421.014584923598
420.681989073819
420.342741341004
419.996794221302
419.644056051084
 419.28450564211
418.918032047284
418.544643973206
418.164208214785
417.776767376887
 417.38216254243
416.980474722739
 416.57151525644
416.155408678358
415.731931845607
415.301258678413
414.863125945666
414.417763739861
413.964862047991
413.504715088632
413.036957993611
412.561958558968
412.079287206577
411.589396719322
411.091780607869
410.586990664952
410.074428126795
409.554761390525
409.027279678603
408.492790601254
407.950445376891
407.401220703622
 406.84409452871
406.280253448254
405.708452436828
405.130146031049
404.543792669392
403.951201618557
403.350418436311
402.743745408333
402.128612716779
401.508054642848
400.878474886427
400.244092442376
399.599157448265
398.949830969245
398.280740833603
396.995936121173
396.234626956533
395.538625788337
394.840011789921
394.145334755284
393.442481781847
392.739002465011
392.027474256605
391.314058281951
390.593105466819
389.869801306142
389.139472689764
388.406637596559
387.667253569576
386.925361187584
386.177363525632
385.426944525172
384.670840746363
383.912459757974
383.148798268163
382.383000810352
381.612400160531
380.839797867737
 380.06284774538
 379.28406368578
378.501370361369
 377.71703640355
376.929218480983
376.139973078404
375.347658112172
374.554144291466
373.757965976262
 372.96082946229
372.161425203575
 371.36131265274
370.559321411549
369.756878742776
368.952939093646
 368.14880991484
367.343558281161
366.538382412621
365.732451458202
364.926863555906
364.120880719868
363.315509001758
362.510095168708
361.705560246706
360.901328546818
360.098242366652
359.295797101774
358.494761991857
357.694697684391
356.896305514193
356.099206075792
355.304037523281
354.510475540301
353.719099467296
 352.92963559979
352.142608533364
 351.35779102413
350.575656741567
349.796021031492
349.019310245797
348.245378691457
347.474608833963
346.706890523223
345.942565619484
345.181556280636
344.424166915521
343.670348915394
342.920372283114
342.174214709473
341.432114744144
  340.6940735677
339.960301150007
339.230819461392
338.505812696921
337.785321014047
337.069505578957
336.358422220324
335.652211770118
334.950943289817
 334.25473992718
 333.56368160754
332.877876405412
332.197412803495
331.522386379796
330.852891924243
 330.18901506498
329.530854699999
328.878489027761
  328.2320189014
327.591517586617
326.957085780826
326.328794293519
325.706741593875
325.090998494004
324.481659197374
323.878796962294
 323.28249972112
322.692845609075
322.109914311411
321.533791260431
320.964545945287
320.402273507288
319.847031315306
319.298926625685
 318.75800278567
318.224381569179
 317.69809042149
317.179268035652
316.667924093984
316.164216611883
315.668135665551
315.179861000396
314.699361259794
314.226840334243
313.762243622756
313.305801586623
312.857434583016
312.417402083737
311.985597619668
311.562312130546
311.147410548684
310.741217760865
310.343568340002
309.954823624984
309.574786079346
309.203856029745
308.841802090875
308.489066148459
308.145381239199
307.811233420242
307.486318431536
 307.17116916104
306.865442343958
306.569720411904
306.283619398787
306.007774053241
305.741758023874
305.486261217932
 305.24081322884
 305.00616204074
304.781791538235
304.568510786625
 304.36575632709
304.174401406582
303.993833610916
  303.8249935768
303.667218349962
303.521519285176
303.387181336298
303.252859861642