2091270.52519387
2091266.53571347
2091311.64094287
2091335.44515741
2091358.15484625
2091384.32566884
2091397.59511822
2091419.92207688
2091427.07253117
2091444.10913239
2091446.04128847
2091457.50857479
2091454.50071039
2091460.39234951
2091452.54968009
2091452.90992962
2091440.27761363
 2091435.1468541
2091417.73897029
2091407.14085979
2091384.94828695
2091368.88714863
2091341.88005393
2091320.34068489
2091288.46954771
2091261.41751506
2091224.61367477
2091191.99562697
2091150.17160948
2091111.91549384
 2091064.9651878
2091020.98035367
2090968.77905991
2090918.95624805
2090861.36061346
2090805.57183609
2090742.41967864
2090680.51799482
2090611.62802482
2090543.44721511
2090468.61865634
2090393.97279974
2090312.98491335
2090231.66786864
 2090144.2793817
 2090056.0641747
2089962.01261463
2089866.65073211
2089765.65166755
2089662.87225793
2089554.61844609
2089444.12742652
2089328.28786642
2089209.76693548
2089085.98582614
2088959.09138083
2088826.98698301
2088691.34893829
  2088550.512338
2088405.73284701
2088255.72661873
2088101.37869134
2087941.73545862
2087777.36147572
2087607.58236651
2087432.69248736
2087252.24548138
2087066.31594102
2086874.63410612
2086677.10539985
2086473.58501448
2086263.85996622
2086047.85852472
2085825.30023615
2085596.13433402
2085360.06401127
2085117.00710717
2084866.70176214
2084608.98181376
2084343.67183704
2084070.46880825
2083789.33541104
2083499.77864766
2083201.95117033
2082895.11664251
2082579.66972778
2082254.57713736
2081920.52776663
2081576.13751823
2081222.44191022
2080857.65194575
2080483.20231722
2080096.84481401
2079700.46600328
2079291.30393715
2078871.74989211
2078438.47346762
2077994.42360105
 2077535.6465525
2077065.70196881
2076579.95773704
2076082.63733608
2075568.37512733
2075042.11159262
2074497.69232812
2073940.82800871
2073364.52017501
 2072775.3028723
2072165.27828507
2071541.85695832
2070896.18645467
2070236.60686142
2069553.25593829
2068855.45622895
2068132.28064853
2067394.08693726
2066628.82832311
2065847.95026069
2065038.23171219
2064212.25809018
2063355.57984642
2062481.97426569
2061575.70945401
2060651.80609509
2059693.19660375
2058716.19614063
2057702.34865976
2056669.31436327
2055597.19664481
2054505.05071688
2053371.48815332
2052217.00812777
2051018.68177969
2049798.49178444
2048531.96356085
2047242.39259338
2045904.33031204
2044541.49049021
2043128.20561151
 2041688.2291487
2040195.82739274
2038674.70783073
2037099.13615708
 2035492.7141928
2033829.76526664
2032133.72831726
2030379.04205076
2028588.92585994
 2026737.9916101
2024849.18297479
2022897.34279218
 2020905.0834261
2018847.53648025
2016746.92810977
2014578.73639567
 2012364.7471901
2010080.84261871
2007748.31505671
2005343.50803063
2002887.16830223
2000356.15787445
1997770.62691392
1995108.01262295
1992387.81886213
1989588.11432979
1986727.70825341
1983785.35662276
 1980779.1271973
1977688.51847716
1974530.81151236
1971286.30188102
1967971.44036813
1964567.37347315
1961089.67992689
1957520.41019909
1953874.23100998
1950134.14898852
1946313.88076987
1942397.44041179
1938397.55830048
1934299.30622173
1930114.39406437
1925829.00063097
1921453.78295744
1916976.07511489
 1912405.4507696
1907730.44646649
1902959.52373435
 1898082.4677624
1893106.60079229
1888023.00183077
1882837.82812407
1877543.49674165
1872144.97543837
1866636.06277123
 1861020.5134314
1855293.55022304
1849457.69176786
1843509.62742452
1837450.61687011
1831278.85815695
1824994.32874482
1818596.77772272
1812084.87602541
1805459.96680737
1798719.38836631
1791866.12225668
1784896.14529206
 1777814.1238622
1770614.64058217
1763304.09623352
1755875.64126161
1748337.46483147
1740681.24026692
1732917.00524495
1725034.90186753
1717046.88481134
1708941.49893786
1700732.69570487
1692407.34119182
1683981.47863975
1675440.19349431
 1666801.7363436
1658049.28333128
1649203.43592297
1640245.29640503
1631197.99911721
1622040.35903153
1612798.27910953
1603448.00535569
1594018.52180155
1584483.12592219
1574874.30770652
1565161.89075912
1555382.46648055
 1545501.6319678
  1535560.945686
1525520.64936364
1515428.58641024
1505237.83929294
1495004.66595954
1484671.82577911
1474307.70948177
1463838.29559056
1453351.19989095
1442737.85584886
1432117.00530833
 1421227.6203245
1400735.71151872
1388789.06718312
1377927.93940158
1367084.14485823
1356359.17953512
1345566.39662996
1334822.82873247
1324016.03461525
1313240.84589806
1302412.95300983
1291611.49433498
1280767.69076304
 1269949.8436234
1259099.24480549
1248276.35289829
1237429.60117558
1226613.50608431
1215781.86667076
1204984.51985579
1194179.46612522
1183412.14367979
1172645.72684206
1161920.21271717
 1151203.6276877
1140531.40766477
1129875.62706412
1119267.83664453
1108683.53470604
1098150.91691635
1087648.41058431
1077201.28038826
 1066790.4828153
1056438.69700619
1046129.08033957
1035882.01235719
 1025682.5780044
1015549.09736878
1005468.35261982
 995456.80877409
985502.749029837
975620.959416025
965801.055475224
956056.297666159
946377.487635202
 936776.49533094
927245.180780664
917794.143458431
908416.189483759
899120.755470725
889901.494325262
880766.777046327
871711.015032495
862741.602171549
853853.629471988
845053.594775604
836337.197916163
827710.115363335
 819168.59200322
810717.552063534
802353.727815329
794081.355520538
785897.602511731
777806.077071665
769804.333970425
761895.409673268
754077.202914214
746352.231062733
738718.697023189
731178.648672198
723730.556565599
716376.045841441
709113.821111847
701945.128911183
694868.876930974
687885.974813946
680995.504705447
674198.078816111
667492.927236565
660880.402101966
654359.856850216
647931.418927605
641594.542249197
635349.163108848
629194.814594406
623131.273642923
617158.132631868
611275.039297619
605481.626716158
599777.442034642
594162.141612517
588635.199164397
583196.277989858
577844.804158925
572580.432545383
567402.566076963
562310.836727627
557304.647580303
552383.594049229
547547.101544389
542794.716003538
538125.906287885
533540.156620135
529036.999466287
524615.845713834
520276.310692991
516017.720899331
511839.792968877
507741.758461247
 503723.45301814
499784.003184678
495923.380642681
492140.597266107
488435.777222641
 484807.80843974
481256.983505317
477782.057468443
474383.506838303
 471059.94516209
467812.048017441
464638.279102024
461539.527935937
458514.100265146
455563.114235579
452684.709757085
449880.248179295
447147.695883915
444488.671983997
441900.961810127
439386.456871441
436942.754073558
434572.032122492
432271.692256151
430044.215445676
427886.800135213
425802.245002678
423787.538678199
421845.813473435
419973.841282576
418175.104583491
 416446.15170848
414790.832569316
413205.465209237
411694.285117506
410253.373429002
408887.370383609
407592.113712991
406372.668779552
405224.623567351
404153.490319547
403154.601115436
402233.938432347
401386.572525004
400541.757930672