39.4709948863043
39.4577077125907
  39.44771005891
39.4463898177059
39.4512082333587
39.4630181581853
39.4815462376025
39.5065460460431
39.5382943333356
39.5762998556484
 39.620962198233
39.6717570786912
39.7291005944571
39.7924870970216
39.8623229225707
39.9381328790507
40.0203072550842
40.1084032692992
40.2027938802192
40.3030682735154
40.4095820598661
 40.521955406408
40.6405268892833
40.7649465858485
  40.89553644822
41.0319754149989
41.1745692628695
41.3230247866316
41.4776320589086
41.6381247701618
41.8047777789777
41.9773507511175
42.1561038387202
42.3408217973847
42.5317505978509
  42.72869922971
42.9319000251584
43.1411853764589
43.3567745385736
43.5785224947565
43.8066360033832
44.0409918419571
 44.281784873357
44.5289128829762
44.7825594610265
45.0426426203742
45.3093353246097
 45.582575035246
45.8625247601633
46.1491406279893
46.4425763884783
46.7428060488721
47.0499748270183
47.3640738090517
47.6852404378764
  48.01348206331
48.3489291432769
48.6916044562799
49.0416323006205
49.3990500243499
49.7639766294335
 50.136463145771
50.5166241828818
50.9045235317422
51.3002723567306
51.7039462514428
52.1156539287835
52.5354817840953
52.9635371219304
53.3999160912238
53.8447256839744
54.2980707022692
54.7600589773999
55.2308028067062
55.7104120721768
 56.199005345712
56.6966958346095
57.2036070963279
57.7198570050886
58.2455727408905
58.7808782574378
59.3259029143256
 59.880778232332
60.4456342216684
 61.020611537039
  61.60583921793
62.2014687034654
62.8076263421573
63.4244760962128
64.0521397972456
64.6907957620502
65.3405593667495
66.0016252118909
66.6741001596269
 67.358197126048
68.0540122735237
68.7617789732123
69.4815803668829
70.2136725332731
70.9581231298403
71.7152133137905
72.4849926435597
73.2677698496202
74.0635736173656
74.8727428749077
75.6952824927618
76.5315643564243
77.3815664031873
78.2456963769817
79.1239019781626
80.0166298575049
80.9237939803297
81.8458831062068
82.7827737637947
83.7350001832558
84.7023975421629
85.6855490693425
86.6842444547075
87.6991196266425
88.7299144192525
 89.777321340869
90.8410257606002
91.9217808334043
93.0192126036799
94.1341391329139
95.2661220210763
96.4160486963863
97.5834109251871
98.7691701702964
99.9727426957267
101.195168884804
102.435783527499
103.695711107551
104.974198323308
106.272460837534
107.589642039671
108.927055577307
110.283774269012
111.661152309537
113.058226239474
 114.47637843339
115.914613280817
117.374337875129
118.854526002172
120.356606605216
121.879524319459
123.424726923542
124.991131482663
126.580201382673
128.190827853412
129.824486435269
131.480044421803
133.158985824901
134.860156074852
136.585043736599
138.332474633831
 140.10393772618
141.898241681161
143.716871450744
145.558621200975
147.424967226171
149.314692060902
151.229258440963
153.167440366269
155.130681859378
157.117751721402
159.130069850343
 161.16640343634
 163.22814258219
165.314056720719
167.425500226678
169.561248909997
171.722615219078
173.908385772371
176.119824624206
178.355733947754
 180.61732266112
182.903413572884
 185.21515344178
187.551391148986
189.913203981112
192.299472710417
194.711197537666
197.147297354203
 199.60868734534
202.094331191405
204.605050797333
 207.13986178167
209.699484143609
212.282993112145
214.890997762666
217.522641181097
220.178412067163
222.857530245068
225.560354101102
228.286189786132
231.035254883595
 233.80695225292
236.601347550942
239.417951625393
242.256666344656
245.117122849048
247.999046488375
250.902202179322
 253.82612499129
256.770728471523
259.735342409876
 262.72004544586
265.723945593635
268.747304951229
271.788991434278
274.849471245769
277.927351631841
281.023326307241
284.135718486089
 287.26547618302
290.410611718062
293.572358389019
  296.7483863263
299.940250371818
303.145241487496
 306.36527906243
309.597230526601
312.843431581249
316.100272014994
319.370567216154
322.650162123784
325.942430919007
329.242588496686
332.554668812616
335.873146188356
339.202846713229
342.537356816195
345.882473800949
349.230693444846
352.589036236902
355.948617116249
359.318052463219
362.686640292584
366.065182348021
369.440462219024
372.826493398993
376.206336427642
379.599301498471
382.982432448629
386.386055210397
389.777356777432
393.235589428461
399.776340648301
403.592258593392
 407.04321172314
410.471920732531
413.847206444828
417.228453781054
420.579525315722
423.935965824789
427.268801769528
430.604546528543
433.919292031531
437.234570107822
440.529970833598
443.823798770159
447.098173388821
450.369113083596
453.620649632764
456.867085437778
460.093952700307
463.314211548085
466.514783462518
469.707018326795
472.879512410692
476.042119774442
479.184828096854
482.316248817028
485.427543501616
488.526276442911
491.604612773217
494.669223700615
497.713141939573
500.742269292235
503.750395632273
506.742754225328
509.713801086992
512.668184354812
515.600950157519
518.516231316813
521.409599799098
524.284732177051
527.137671320348
529.971688014887
532.783248612978
535.575261604908
538.344575514937
541.093774322038
543.820052429631
546.525702373678
 549.20823230269
551.869672447556
554.507816043664
557.124456853763
559.717647469991
562.288968231832
564.836707843058
567.362253887774
569.864110060076
572.343489820801
 574.79909256032
577.231974494994
579.641012999561
582.027122406799
584.389341742148
586.728457495159
589.043655215953
591.335606437076
593.603629171332
595.848291867408
598.069031881216
600.266325557792
602.439717315504
604.589601585807
606.715618319106
608.818089521594
610.896739819181
612.951827655626
 614.98315208349
616.990916287567
618.974984048181
620.935511092803
622.872416729937
 624.78581657982
626.675676734088
628.542079648399
630.385029867158
632.204583255485
634.000774859192
635.773640192662
637.523237198477
639.249586976322
640.952763078299
642.632777848871
644.289713452873
645.923578886798
647.534458196996
649.122362208903
650.687370361509
652.229500275522
653.748820514239
655.245360267307
656.719171153867
658.170298529821
659.598771181834
661.004655067907
662.387950415037
663.748748071391
 665.08701411982
666.402868451562
667.696237545528
668.967274365361
670.215860433175
671.442185701555
672.646081472312
673.827778500727
674.987052676565
676.124179278014
 677.23887364507
678.331459214108
679.401585673791
680.449628177038
681.475165677429
682.478628533153
683.459519877959
684.418328701212
685.354477211757
686.268516399372
687.159782402271
 688.02889152858
688.875088638355
689.699058629689
690.499949792941
691.278518845361
692.033812108167
692.766661307774
693.476005263864
694.162753865166
 694.82573273721
695.465933048344
696.082061347782
696.675193164893
697.243909869046
697.789374394491
698.310036571006
698.807149740584
699.279025539065
699.727010672395
700.149271591157
700.547251266759
700.918963589159
701.265950630765
701.586065908729
701.880953350978
702.175526195836