576.524538950387
576.525335955507
576.525958498649
576.526090964293
576.525873929516
576.525264506984
576.524273387999
576.522917041009
576.521177504436
576.519082727266
 576.51660886945
576.513784673066
576.510585540409
576.507038680812
576.503119880417
 576.49885436498
576.494218546623
576.489235631022
576.483882693615
576.478180969285
576.472108186203
576.465683670215
576.458885779241
576.451731988467
 576.44420125832
576.436309265375
576.428035543006
576.419394014778
576.410364755624
 576.40095997576
  576.3911602586
576.380976135308
 576.37038866306
576.359406723454
 576.34801181105
576.336211183085
576.323986733396
576.311344116271
576.298265584907
576.284755208687
576.270795558297
576.256389133319
576.241518777937
576.226185434464
576.210372174239
576.194078392637
576.177287339218
 576.15999687088
576.142190363569
 576.12386414262
576.105001655317
576.085597701102
576.065635739967
576.045109050214
576.024001041909
576.002303476367
575.979999646656
575.957079800987
575.933527043449
575.909330113106
575.884471847666
575.858939481448
575.832715502418
575.805785645398
 575.77813195871
575.749738684221
575.720587333561
575.690660663939
575.659939545456
575.628405261273
575.596037926629
575.562817364132
575.528722811633
575.493732648214
575.457825101822
575.420977129289
575.383165805359
575.344366690912
575.304555552529
575.263706587329
575.221794086182
575.178790921482
575.134669727263
575.089402098097
575.042958815449
574.995310251974
574.946425125092
574.896272651689
574.844819256734
574.792033079079
574.737878004629
574.682321184987
574.625323700815
574.566851821917
574.506863536507
574.445324354416
574.382188861649
574.317421948165
574.250974463778
574.182810838996
574.112877827482
574.041139583242
   573.967538376
573.892038291131
  573.8145766968
573.735117845152
573.653593753232
573.569969105672
573.484170084677
573.396162106429
573.305864998013
573.213245242828
573.118215753511
573.020744456456
572.920736748804
572.818162419604
572.712918704915
572.604977724041
572.494227858874
572.380644078838
572.264105167931
572.144589522492
572.021965530928
571.896215655183
 571.76719703292
571.634896897581
 571.49916021977
571.359979783175
571.217187409968
571.070782291758
570.920582051508
570.766593232887
570.608618129148
570.446671705063
570.280539546182
570.110247118893
569.935562020659
 569.75651662077
569.572866744397
569.384647936718
569.191605282271
568.993777182095
568.790898065108
568.583009137262
568.369834222972
568.151417289124
567.927471651849
567.698043979133
567.462837231364
567.221900698034
566.974927198829
566.721968542697
566.462707692225
566.197198848479
565.925115475419
565.646514010444
565.361058858808
565.068808506544
564.769418828413
564.462950135627
564.149050396068
563.827781482655
563.498784182764
563.162121622835
562.817428246485
562.464768075565
562.103770164909
561.734499017981
561.356579382172
560.970075766667
560.574609827505
560.170245534531
559.756602811948
559.333744468135
558.901290207427
558.459300968791
558.007397910472
557.545639298501
557.073649590456
556.591483469417
556.098770719717
555.595561412804
555.081492880193
554.556609420665
554.020558338191
553.473376850121
552.914724875877
552.344631077499
551.762770864736
551.169162685681
550.563500562966
549.945790864955
549.315749615278
548.673369004078
548.018390730166
547.350790444884
546.670339506267
545.976994370281
545.270560376076
544.550971792256
 543.81807263208
543.071771603302
542.311956497334
541.538506651778
 540.75135919971
 539.95035979901
539.135501006611
538.306589913641
537.463681174772
536.606537756685
535.735283768105
534.849631709217
533.949783295266
533.035393293445
532.106750117871
531.163442437205
530.205855580005
529.233502431606
528.246876809947
 527.24540453155
526.229701145712
525.199092149067
 524.15433013712
523.094624589409
 522.02088307842
520.932180279221
519.829600026645
518.712059433722
517.580844261345
516.434686103621
515.275104139817
514.100609528667
 512.91299429597
511.710504694463
510.495256115291
 509.26517192405
 508.02275738066
506.765535190355
505.496490893777
504.212638493549
502.917571652475
501.607638774313
500.287231555444
498.951791345421
 497.60680873896
496.246415573511
494.877721820588
493.492794629371
492.101386818463
490.691768063042
489.278792293806
487.840612664632
 486.40367063622
483.369680953054
481.856130440885
480.346466640549
478.853738259302
477.345194489696
475.840223112974
474.320234571096
472.800468006378
 471.26719254101
469.732904744215
468.186467223175
466.638560722803
465.079697661963
463.519283223006
461.948984159683
460.377151562069
458.796642447577
457.214661914131
 455.62510539393
454.034267277096
452.436875356469
450.838481622286
449.234497077875
447.629855634229
446.020539865617
444.410960066156
442.797584442474
441.184373179066
439.568212390129
437.952670535462
436.334997186493
434.718416290289
433.100496331472
431.484155534084
429.867244296162
 428.25240744934
426.637746152707
425.025659148163
423.414471806168
421.806360116549
420.199850784095
418.596917221639
416.996267557637
415.399690255038
413.806057377472
412.216987993933
410.631502612124
409.051064765924
407.474829577863
 405.90411750492
404.338205849246
402.778283285554
401.223738038525
399.675637322686
398.133470030722
396.598191421518
395.069381659823
393.547892862478
392.033387810025
390.526623703838
389.027337924735
 387.53620048392
386.053015904901
384.578374303816
383.112140377446
381.654831270903
380.206365313933
378.767193282992
377.337280979283
375.917019132746
374.506415190287
373.105805912095
371.715234863778
370.334990696628
368.965147834736
367.605952490449
366.257504925175
364.920014412697
363.593602245456
362.278446107791
360.974683710615
359.682466362487
358.401943755382
357.133245914064
355.876530232883
354.631910435213
353.399547483274
352.179543682645
350.972059560129
349.777190797983
348.595093603931
347.425861751091
346.269643353642
345.126534917661
343.996672789113
342.880160784744
341.777119898873
340.687665779614
339.611900569681
338.549956219394
337.501912596236
336.467922380762
 335.44803981137
334.442442691131
333.451156339239
332.474388044933
331.512130976189
330.564626250722
329.631831706166
328.714026617225
327.811130360129
326.923464689088
326.050907431378
325.193827145456
324.352057061404
323.526016877525
322.715492213866
321.920958264201
321.142150057475
320.379602668289
319.632997581893
 318.90293417921
318.189037474678
317.491975632295
316.811314291371
316.147794938966
315.500920955508
314.871511767228
314.259005630602
313.664304617199
313.086779011797
312.527418342708
311.985522091778
 311.46217217711
310.956594462789
310.469968329451
310.001443225645
309.552301226615
 309.12161258614
308.710767487164
308.318754230776
307.947076725658
307.594638587619
307.263063300509
306.951167093124
306.660699134654
306.390385603554
306.120285698433