0.104369876348498
0.104334516750969
0.104306753377574
0.104300414001678
0.104309346782704
0.104335425918462
0.104378169630653
0.104436838802334
 0.10451219036629
0.104602969945447
0.104710176326111
0.104832509184954
0.104970985290389
0.105124361206649
0.105293621943122
0.105477601429986
 0.10567724244528
0.105891458383073
0.106121148202337
0.106365302871093
0.106624777978346
0.106898639412857
0.107187700334532
0.107491098847335
0.107809606764439
0.108142431793651
0.108490305544559
0.108852502832281
0.109229716247344
0.109621285323768
0.110027864853906
0.110448856798324
0.110884879407223
0.111335394858804
0.111800986152426
0.112281173546267
 0.11277650611634
0.113286560122807
0.113811852083489
0.114352012231136
0.114907525930158
0.115478075394486
0.116064116281939
0.116665380823997
0.117282296463564
0.117914643503899
 0.11856282271271
0.119226660527487
0.119906532632039
0.120602309659293
0.121314343855907
0.122042548100883
0.122787252910111
0.123548411439513
0.124326334244698
0.125121012760384
0.125932739421277
0.126761541904612
0.127607696437505
0.128471264856079
0.129352509172454
0.130251523241376
0.131168556937453
 0.13210373392778
0.133057294117723
0.134029388704927
0.135020249890734
0.136030054036359
0.137059028007726
0.138107370867586
0.139175306625172
0.140263054477623
0.141370838173316
0.142498894361222
0.143647449249099
0.144816754129215
0.146007040520931
0.147218571414473
0.148451586632868
0.149706357771035
0.150983136095753
0.152282198554002
0.153603811152872
0.154948252767667
 0.15631580760761
0.157706752869386
0.159121394600512
0.160560004516474
0.162022914322998
0.163510386243372
0.165022781654908
0.166560349056132
0.168123483712839
0.169712415931147
 0.17132757929614
 0.17296918120491
0.174637698217261
0.176333309841423
0.178056540503032
0.179807536563776
0.181586875453337
0.183394664836324
0.185231540543543
0.187097565683788
 0.18899344015705
0.190919176333627
0.192875544134249
0.194862498668017
0.196880886124308
0.198930597471871
0.201012561726255
0.203126598463464
0.205273726406028
0.207453686094462
0.209667593176441
0.211915101106448
 0.21419743002733
0.216514137831425
  0.2188665570936
0.221254141224274
 0.22367834354944
0.226138503615742
0.228636204217616
0.231170661175247
 0.23374359588352
0.236354090073582
0.239004013304563
0.241692302336619
0.244420984906585
0.247188841381682
0.249998068162162
   0.252847277219
0.255738844702218
0.258671201010086
0.261646916662541
0.264664210588289
0.267725859916999
0.270829942981761
0.273979324207165
0.277172011752105
0.280410933465685
0.283694035862787
0.287024303758581
0.290399625805743
0.293823038367597
0.297292375921043
0.300810720684869
0.304375856929071
0.307990906647081
0.311653608197288
0.315367116857601
0.319129129716001
0.322942828420853
0.326805873795211
0.330721466505905
0.334687236499819
 0.33870639565803
0.342776548843127
0.346900910879447
0.351077067761102
0.355308228502943
0.359591966892319
 0.36393147688449
0.368324327190932
0.372773686943369
0.377277127402321
0.381837782580578
0.386453234433322
0.391126571008439
0.395855393650981
0.400642733026336
0.405486219145714
0.410388813279324
0.415348183996492
0.420367210537962
0.425443610577127
0.430580168039099
0.435774660944048
 0.44102976392849
0.446343327346921
0.451717901846938
0.457151422904186
 0.46264630170221
0.468200572485987
 0.47381649066926
0.479492203847093
0.485229794461146
0.491027539052119
0.496887328912651
0.502807586234835
0.508789991917837
0.514833131732451
0.520938455761681
0.527104732634493
0.533333159884497
0.539622709784395
0.545974304116082
0.552387141270013
0.558861842414469
0.565397856437202
0.571995477141786
0.578654430458132
0.585374653907109
0.592156179483511
0.598998557003302
0.605902156405026
0.612866105461794
0.619891147251594
0.626975949746063
0.634121668240107
0.641326469101291
0.648591963498755
0.655915769574419
0.663300003478648
0.670741682715712
0.678243484067853
0.685801764970155
0.693419826421302
 0.70109329776473
0.708826177521347
 0.71661328829643
 0.72445941148788
0.732358471026248
0.740316131666287
0.748325309887642
0.756392673539356
0.764510001226153
0.772685108542531
0.780908477503801
 0.78918924892326
0.797516411835394
0.805900653900275
0.814329223489389
0.822814637601731
0.831342084617608
0.839926279713022
0.848549928754116
0.857230440735338
 0.86594746223868
0.874721785995458
 0.88352918120346
0.892394828206738
0.901289400720452
0.910244014443884
0.919222314768779
 0.92826393655664
0.937322149697574
0.946449962439959
0.955583683200433
 0.96480084149717
0.974004960362839
0.983338765357135
0.992631234273501
 1.01214848320131
 1.02183570992173
 1.03146739072694
 1.04096229038089
 1.05053011217741
 1.06004886003947
 1.06963709920777
 1.07919958604967
 1.08882364100667
 1.09843170987642
 1.10809445291032
 1.11774602795852
 1.12744651125356
 1.13713828348565
 1.14687402731783
 1.15660288144116
 1.16636998811543
 1.17613174309883
 1.18592674703414
 1.19571713677197
 1.20553628843686
 1.21535099558554
 1.22519036040471
 1.23502503225692
 1.24488054840304
 1.25473080565062
 1.26459831986209
 1.27445976216315
 1.28433505331319
 1.29420326332158
 1.30408205875479
 1.31395260534358
 1.32383059271505
 1.33369903372424
 1.34357186990418
 1.35343375456121
 1.36329707253441
  1.3731479436124
 1.38299735794486
 1.39283275368404
  1.4026638649199
 1.41247932071953
 1.42228771894549
 1.43207876882571
 1.44186003656151
  1.4516222143913
  1.4613719289152
 1.47110076940208
 1.48081450458759
 1.49050554402522
 1.50017887174404
  1.5098276485143
 1.51945613964564
  1.5290581944733
 1.53863741954999
 1.54818829550851
   1.557713825023
 1.56720906729097
 1.57667647167962
 1.58611162704802
 1.59551647636812
 1.60488709249901
 1.61422495581034
 1.62352658024772
 1.63279302470834
 1.64202120364238
 1.65121179332651
 1.66036207011201
 1.66947236455632
 1.67854027798626
  1.6875658304698
 1.69654691280458
 1.70548326836619
 1.71437304311847
  1.7232157363144
 1.73200971578927
 1.74075426819257
 1.74944795078175
 1.75808986822393
 1.76667873545203
 1.77521350500614
 1.78369301832615
 1.79211610502924
 1.80048170236324
 1.80878854567486
 1.81703563769478
 1.82522164768667
 1.83334561382869
 1.84140616709938
 1.84940235130416
  1.8573327866105
 1.86519649277955
 1.87299210637536
 1.88071859353257
 1.88837463420296
   1.895959111348
 1.90347077512545
 1.91090839576382
 1.91827082031013
 1.92555667664244
 1.93276493527814
 1.93989405202839
 1.94694314738836
  1.9539104752484
 1.96079533253966
 1.96759574120405
 1.97431120103847
  1.9809394718001
 1.98748028257062
 1.99393110044412
 2.00029191020989
  2.0065598555456
 2.01273520338642
 2.01881474293262
 2.02479904972803
  2.0306845270942
 2.03647208567742
 2.04215771114549
 2.04774267577578
 2.05322251539933
 2.05859889048919
 2.06386685441326
 2.06902848243946
 2.07407831236518
 2.07901886088261
 2.08384411659082
 2.08855706425867
 2.09315110909646
 2.09762973061408
 2.10198571583435
 2.10622306567034
 2.11033391350108
 2.11432280828413
 2.11818119358683
 2.12191419300816
 2.12551252336563
  2.1289819094235
 2.13231230347534
 2.13551005786594
 2.13856432168232
 2.14148210111432
 2.14425170237085
 2.14688081154915
 2.14935685122843
 2.15168821321183
 2.15386139451446
 2.15588551810616
 2.15790978393778