49.8963930423708
49.8795230600507
49.8662770620709
49.8632521039392
49.8675132424308
49.8799546177477
49.9003463418057
49.9283357356669
49.9642838353172
50.0075921001889
50.0587369041101
50.1170977518431
50.1831595496492
50.2563289108322
50.3370755434667
50.4248429410946
50.5200806172032
50.6222699474233
50.7318394926569
50.8483076091495
50.9720821186926
51.1027170918051
51.2406000590174
51.3853195131404
51.5372432085684
51.6959928127096
51.8619168477182
52.0346689620786
52.2145790091046
52.4013314758354
52.5952381272417
52.7960131916566
53.0039509427077
53.2187942920124
53.4408206354071
 53.669800543233
53.9059951640424
54.1492017302583
54.3996657912865
54.6572102676239
54.9220657762024
55.1940799691566
55.4734692172632
55.7601049605425
  56.05419003088
56.3556187203753
56.6645810517022
56.9809932365584
57.3050332421329
57.6366382660323
 57.975974999515
58.3230006867328
58.6778715503198
59.0405639315088
59.4112244214236
59.7898474944097
 60.176570979194
60.5714065003572
60.9744840276544
61.3858313296989
61.8055714574503
62.2337472895724
62.6704759377135
63.1158143243296
63.5698746432312
64.0327267575669
64.5044790095668
64.9852130584996
65.4750345089706
65.9740356255986
66.4823204400478
66.9999905805024
67.5271497242441
68.0639075652983
68.6103687022621
69.1666495362932
69.7328569235236
70.3091125473872
70.8955269217856
 71.492225516131
72.0993239699606
  72.71694996549
73.3452258071184
 73.984279734244
 74.634242330561
75.2952406488638
75.9674152457432
76.6508901495744
77.3458176666922
78.0523168631952
78.7705536594452
79.5006401152048
80.2427577208859
80.9970093733443
81.7635941852219
82.5426036149323
83.3342565502099
84.1386306099323
 84.955966715106
85.7863261116916
86.6299741222056
87.4869529471646
88.3575547937366
89.2417999983419
90.1400102557965
91.0521810665562
  91.97866634098
92.9194336112882
 93.874871861328
94.8449173551274
95.8299971432601
96.8300127465695
97.8454324162253
98.8761192724461
99.9225860469342
100.984653611938
102.062882611225
103.157047624338
104.267760795863
105.394746163017
106.538671122906
107.699204708423
108.877073489674
110.071886813374
111.284434517832
112.514261354451
113.762224705722
115.027799583919
116.311915378755
117.613971977154
118.934975434451
120.274244866406
121.632867905545
123.010076715689
124.407047045392
125.822910099169
127.258935134819
128.714185676528
130.189968160177
131.685311439395
133.201547637778
134.737674870489
136.295047626266
137.872634979695
139.471810943571
141.091517199006
142.733144307571
144.395608329822
146.080313215186
147.786151322363
149.514536634093
 151.26433988012
153.036981523823
154.831312900897
156.648757200575
158.488148769419
160.350909561949
162.235859518788
164.144415190004
166.075384880356
168.030175353389
170.007586243903
172.009009931544
174.033240552291
 176.08165128634
178.153034157111
 180.24873810876
182.367556664048
184.510809270474
 186.67729479891
188.868297712295
191.082626327343
193.321524403512
195.583814063195
197.870692407995
200.181000002312
202.515881094635
  204.8741996201
207.257040531173
209.663296372582
212.093986101699
214.548036441739
217.026393389013
219.528023766734
222.053793363721
224.602715403063
227.175567922139
229.771417251778
232.390945815039
 235.03328020062
237.698999008708
240.387296718197
243.098639518902
245.832297941208
248.588616756844
251.366951293087
254.167515424617
256.989758670435
259.833753994975
262.699055231065
 265.58558380783
268.493008814559
271.421088812459
274.369620022831
 277.33818598079
280.326722984387
283.334626413076
286.361986821838
289.407997152771
292.472917837729
  295.5557237227
298.656862429073
301.775073389495
304.911010736122
308.063159158098
311.232401026161
314.416944492808
317.617924808505
320.833248756113
324.064332672899
327.308753351607
330.568240840585
333.840008552944
337.126138416167
340.423440997477
343.734395330635
347.055361821899
350.389270973802
353.731975419236
357.086923532994
360.449388804944
 363.82342009336
367.203621600316
370.594747633921
373.990616686656
377.396825216844
380.806251682439
 384.22551802225
387.646351619956
391.076654703742
394.506703742447
397.946051623264
401.383076799955
404.829553440513
408.271251665132
411.723119117566
 415.16708630673
418.623062858359
422.066715284419
425.527022200833
428.967558494132
432.441356613838
435.884517264418
443.066603744501
 446.60630989369
450.109197443143
453.546189768114
456.993336302196
460.406602591293
463.828433525063
467.224710403792
470.626339944586
474.005780666491
477.387775238666
480.749157399805
484.110745335244
487.452462455727
 490.79237895142
494.112948818695
497.429498680221
500.727139024158
504.018841448839
507.291813448594
510.557158223858
513.803779841353
517.041264549216
520.259916973858
523.468068729503
526.657199913113
529.834588721992
532.992715455027
536.137962781019
539.263671931573
542.375456335707
545.467405533175
548.544466403754
551.601384302735
554.642524267341
557.663210461892
560.667296839629
563.650621468216
566.616586989987
569.561490057922
572.488333006347
575.393823446468
578.280607321175
581.145761811097
583.991614596536
586.815576149876
 589.61968924465
 592.40166559348
595.163292448146
597.902554233927
600.621008736106
603.316887526367
605.991542166234
608.643428314169
611.273712159211
613.881052523134
616.466449027815
619.028744566963
621.568789240349
624.085592503015
626.579870455237
 629.05078297449
631.498926360945
633.923595972365
636.325281352889
638.703399447847
641.058345076391
643.389643803396
645.697606862206
647.981856287716
650.242630078532
652.479635317596
654.693046420921
656.882644746755
659.048550158809
661.190608099294
663.308892354888
665.403302782733
667.473875070947
669.520554293061
671.543345571249
673.542230421656
675.517190532006
677.468235471437
679.395330263022
681.298504487076
683.177712945055
685.032997501662
 686.86430888406
688.671693799817
690.455104781089
692.214586194752
693.950098014048
695.661675314387
697.349290925343
699.012963889354
700.652685106873
702.268451033044
703.860275671384
705.428126501638
706.972045496863
708.491964919409
709.987959427861
711.459919951915
712.907958415198
714.331918407293
715.731953572714
717.107854242601
718.459820126405
 719.78758244922
 721.09139122869
722.370912788438
723.626451606841
724.857603344135
726.064731010683
727.247353855959
728.405897420947
729.539798792077
730.649549974961
731.734500115631
732.795211561024
733.830939693538
734.842321027471
735.828511290497
736.790224945548
737.726512083597
738.638168858007
739.524133625713
740.385287937072
741.220452176076
742.030596964982
742.814418306356
743.572979539975
744.304845678451
745.011176396695
745.690398875995
746.343772715959
746.969580156052
747.569184280076
748.140714966444
748.685642309146
 749.20193605394
749.691176791426
750.151165961896
 750.58359809039
750.986097683068
751.360476576352
751.734398735315