0.0909835666727295
0.0909528836381254
0.0909298037868968
0.0909267532897086
0.0909378780341034
0.0909651428630418
0.0910079193485827
0.0910656368829911
0.0911389358820862
0.0912266812684204
0.0913297967501733
0.0914470712496298
  0.09157946653794
0.0917258147042347
0.0918870549908742
0.0920620899110559
0.0922518216847907
0.0924552277489746
0.0926731703479154
0.0929047008136345
0.0931506413784132
0.0934101149926449
0.0936839046039709
0.0939712023083201
0.0942727527205358
0.0945878146619872
0.0949170954547294
0.0952599183280966
0.0956169544042858
0.0959875891070336
0.0963724584950807
0.0967710080668992
0.0971838399951939
0.0976104578152112
0.0980514310319014
0.0985063192488439
0.0989756605632466
0.0994590687363602
0.0999570517609744
 0.100469275691868
 0.100996219766187
 0.101537600503783
 0.102093869783025
 0.102664792785574
 0.103250795479084
 0.103851689918741
 0.104467877664262
 0.105099215861032
 0.105746083222264
  0.10640838019529
 0.107086464271217
 0.107780277396345
  0.10849015753173
 0.109216086295153
 0.109958383882362
 0.110717069720828
 0.111492448083835
 0.112284574302562
  0.11309373865451
 0.113920030414406
 0.114763727880595
 0.115624952246854
 0.116503971945381
 0.117400937989821
 0.118316111162423
  0.11924967011224
 0.120201870298103
 0.121172915723883
 0.122163058969375
  0.12317252700537
 0.124201572102737
 0.125250441692485
 0.126319390440646
 0.127408683601055
   0.1285185810816
 0.129649363178599
 0.130801298040103
 0.131974678068909
 0.133169782812564
 0.134386913675522
 0.135626364934998
 0.136888443709831
 0.138173462518125
 0.139481730709253
 0.140813582745123
 0.142169326510549
 0.143549322316916
 0.144953872662958
 0.146383367829465
 0.147838100765385
  0.14931849606705
 0.150824832711408
 0.152357574195079
 0.153916980825389
 0.155503559835457
  0.15711754787246
  0.15875950100703
  0.16042962692467
 0.162128535913157
 0.163856401065096
 0.165613892557965
 0.167401142911245
 0.169218888172401
 0.171067213938661
   0.1729469284308
 0.174858063585258
 0.176801506438315
 0.178777228116584
 0.180786201469288
 0.182828329231984
 0.184904677436433
 0.187015072391465
 0.189160681070593
 0.191341244842993
 0.193558039790832
 0.195810713330078
 0.198100659244776
 0.200427421459605
  0.20279252049934
 0.205195386710323
 0.207637676862467
 0.210118697062823
 0.212640250317038
 0.215201507232568
 0.217804427548954
 0.220448034488425
  0.22313445555233
 0.225862554040169
 0.228634636796112
 0.231449393979076
 0.234309323941076
 0.237212929741627
 0.240162914174038
 0.243157577691248
 0.246199844991014
 0.249287778222825
 0.252424540854281
 0.255608033556838
 0.258841524677718
 0.262122834096394
 0.265455306742579
 0.268836691656067
 0.272270403022779
  0.27575412293164
 0.279291328927922
 0.282879639831723
 0.286522590334335
 0.290217739989453
 0.293968673939123
 0.297772896857728
 0.301634037130165
 0.305549549349761
  0.30952309740405
 0.313552091039107
 0.317640221353806
 0.321784858941494
 0.325989713251221
 0.330252121905189
  0.33457580325263
 0.338958068640892
 0.343402635261214
 0.347906795426258
  0.35247425448297
 0.357102293524318
 0.361794594717644
  0.36654843635905
 0.371367465429796
 0.376248966495256
 0.381196538649001
 0.386207482473531
 0.391285335751681
 0.396427425554566
 0.401637214180378
 0.406912066430095
 0.412255354159134
 0.417664491960588
 0.423142745466305
 0.428687592002102
 0.434302174328123
 0.439984046386671
 0.445736210498118
 0.451556312121958
 0.457447194588543
 0.463406610876896
 0.469437225720678
 0.475536916820335
 0.481708149560863
 0.487948944879597
 0.494261546808701
 0.500644139485051
 0.507098722202741
 0.513623663865573
 0.520220694107382
 0.526888389957908
 0.533628184742572
 0.540438888990656
 0.547321611115229
 0.554275422800855
 0.561301076708257
 0.568397935938074
 0.575566363979612
 0.582806048607597
 0.590116927720275
 0.597499050501001
 0.604951889316296
 0.612475895559244
 0.620070031956699
 0.627735197710916
 0.635469796826118
 0.643275227626914
 0.651149280319416
 0.659093910533381
 0.667106232315764
 0.675188825128752
  0.68333805555338
 0.691557203660275
 0.699841806155407
 0.708195933234039
 0.716614195376201
 0.725101558467074
  0.73365159267236
  0.74227028565157
  0.75095003026652
 0.759697988711687
 0.768505209488064
  0.77738021743432
 0.786312509390023
 0.795312208831651
 0.804366998553634
 0.813488903227607
 0.822663451816446
 0.831904968166409
 0.841196375403359
 0.850554836530641
 0.859960047891344
 0.869432773017655
 0.878948594199104
 0.888533003300931
 0.898156136688191
 0.907849999620541
 0.917577152989771
 0.927379223360535
 0.937207501737166
 0.947119540473089
 0.957048311304557
 0.967084510526585
 0.977130526634783
 0.987423047935905
  1.00708126669659
  1.01855209834449
  1.02902371008248
   1.0394891702265
  1.04984794647681
  1.06028072277345
  1.07067578043702
  1.08114344074659
  1.09159367963486
  1.10210997829895
  1.11261740207435
   1.1231846137402
  1.13374700116448
  1.14436364024668
  1.15497731472408
  1.16564032580386
  1.17630099393616
  1.18700655052166
  1.19770961404367
  1.20845346327649
  1.21919474509199
    1.229971785294
  1.24074630989274
  1.25155196652172
  1.26235471323525
  1.27318427524325
  1.28401019334107
  1.29485885336621
  1.30570287146477
  1.31656575332759
  1.32742278628369
  1.33829496437561
  1.34915991874997
  1.36003643231579
    1.370904210937
  1.38178007498055
   1.3926455808754
  1.40351579472434
  1.41437393455035
  1.42523348872234
  1.43607917577261
  1.44692305755358
   1.4577512143707
  1.46857441237568
  1.47937997299415
  1.49017748089344
   1.5009553927217
  1.51172221225982
  1.52246743760876
  1.53319858100686
  1.54390609827024
    1.554596590079
  1.56526139457068
  1.57590627302407
  1.58652337747709
  1.59711769538657
   1.6076821301196
     1.61822095534
  1.62872776809708
  1.63920618359019
  1.64965043906006
  1.66006354257762
  1.67044032159916
  1.68078322500367
  1.69108762346428
  1.70135545170386
  1.71158257913729
  1.72177046888849
  1.73191544677868
  1.74201854476962
  1.75207650456661
  1.76208996559103
  1.77205604644463
  1.78197503107618
  1.79184437729239
  1.80166404930693
  1.81143180753116
  1.82114733104344
  1.83080864717415
    1.840415183494
  1.84996519932876
   1.8594579035402
  1.86889175315544
  1.87826577042075
  1.88757857628516
  1.89682903787454
  1.90601590669441
  1.91513792573994
   1.9241939440337
  1.93318261100471
   1.9421028404018
  1.95095321829712
  1.95973269055498
  1.96843980980519
  1.97707352153613
  1.98563237460742
  1.99411528170492
   2.0025208173934
   2.0108478291456
  2.01909494654909
  2.02726091942447
  2.03534446157599
  2.04334419266384
  2.05125893980821
  2.05908715989388
  2.06682782238626
  2.07447918863779
   2.0820403994395
  2.08950948767923
  2.09688579442268
  2.10416709095373
   2.1113529475447
  2.11844084049812
  2.12543059821921
  2.13231936838319
   2.1391072664575
  2.14579107754544
  2.15237123311498
  2.15884412142347
  2.16521051888988
  2.17146638229119
    2.177612861961
  2.18364544816911
  2.18956569413838
  2.19536858817863
  2.20105611538267
  2.20662272618658
  2.21207086653234
  2.21739441257046
  2.22259630005862
  2.22766979391196
  2.23261834864285
  2.23743458040078
  2.24212249134565
  2.24667401070442
  2.25109371710787
  2.25537281402677
  2.25951648528776
  2.26351516903987
  2.26737468289789
   2.2710846593317
  2.27465157816202
  2.27806422496318
  2.28132976995532
  2.28443610966796
  2.28739113263075
  2.29018180316351
  2.29281675566102
  2.29528197795977
  2.29758687743757
  2.29971641996092
  2.30168081247132
  2.30364574719131