571047.583554018
571047.360898001
571060.322661131
571066.914787036
571072.809423403
571079.201160895
571081.635306451
571086.126198129
571086.035427723
571088.239370674
571085.885228888
571085.735302443
571081.203255156
571078.704280686
571072.028302341
571067.195598479
571058.389631037
571051.234109041
571040.300232831
571030.824978697
571017.755714974
571005.955374912
570990.734469598
570976.595280016
570959.198057839
570942.697986868
570923.091551587
570904.200423563
570882.343776561
570861.023350895
570836.867449229
570813.071449384
570786.559211111
570760.233304919
570731.299565759
570702.381299265
570670.952723323
570639.371410194
  570605.3663568
570571.042924955
570534.371273162
570497.218069944
 570457.78100186
570417.701558665
570375.391302459
570332.280059486
570286.979592579
570240.721584056
570192.304296789
570142.774796792
570091.104116607
570038.168245401
569983.097221369
569926.609511977
569867.980359356
569807.784283931
569745.427888243
569681.355343652
569615.090723674
569546.961475608
569476.595204534
569404.216289334
569329.541873295
569252.706956622
569173.504169671
569091.992861085
569008.027035705
568921.604158183
568832.625430362
 568741.04024377
568646.782751678
568549.768129237
568449.949164562
568347.220721355
568241.539832427
568132.795005107
568020.933050995
567905.850127922
567787.468282831
567665.705384001
567540.444091436
567411.638097766
567279.115974131
567142.881405843
567002.694093378
566858.621937529
566710.340906782
566557.997394252
566401.168696624
566240.094029297
566074.237000589
565903.944029859
565728.549946233
565548.522804467
565363.053492746
565172.746179934
564976.632584799
564775.467513236
564568.108224546
 564355.47472515
564136.234469411
563911.487264088
563679.695364942
563442.153010348
563197.101823948
562946.045132995
562686.988465186
562421.658913783
562147.810427198
561867.408554948
561577.940175414
561281.623990337
560975.664323394
560662.547722222
560339.180492094
560008.331709255
559666.594234216
559317.034334333
558955.916054212
558586.617484753
558205.058558147
557814.943780774
557411.833771507
556999.773992715
556573.950667174
 556138.76469087
555689.012949961
555229.466176741
554754.517148971
554269.320746626
553767.851082537
553255.661299285
552726.292978393
552185.709249936
551627.016661749
551056.544979771
550467.118639702
549865.187681214
 549243.50766218
548608.541209672
 547953.01847302
547283.391080275
546592.382226596
545886.416495186
545158.226526823
544414.194564161
543647.079036025
542863.204744696
542055.372352729
 541229.83429979
540379.450036387
539510.384921541
538615.573848106
537701.080611435
536759.932290604
535798.076900761
534808.650528371
533797.471489827
  532757.8017638
531695.316378435
530603.420137883
529487.631551798
 528341.51521481
527170.420275794
525968.088098313
524739.686042773
523479.149213769
522191.451194048
 520870.73777376
  519521.7772277
518138.942925977
516726.786780189
515279.926561019
513802.687247697
512289.947733808
510745.795988111
509165.388626142
507552.567017206
505902.781949576
504219.619083283
502498.839657497
500743.764973349
498950.482803472
497122.041871527
495254.872349999
493351.742557081
491409.440698304
489430.447195868
487411.923676391
485356.055445902
483260.392689905
481126.818565717
478953.286709272
476741.371184206
474489.443737929
472198.762363443
469868.131381049
 467498.48556258
465089.076113033
462640.507092117
460152.490825987
457625.292634616
455059.100231279
452453.831400959
449810.163682969
447127.657491408
444407.494995893
441648.868038376
438853.478843136
436020.137723437
433151.083337612
430244.729284691
427303.868430598
424326.499661804
421315.989795756
418269.901463996
415192.197909464
412079.979489405
408937.832085335
405762.362069475
402558.809269472
399323.247054776
396061.607447922
392769.382289754
389453.243549359
386108.040427724
382741.245726349
379346.987882013
375933.619831407
372494.447529001
369038.809691938
365559.054325967
362065.650250598
358549.801923107
355023.311318731
351475.975685949
347921.226320137
344347.060501631
340768.990989337
337172.590871428
  333576.1869155
329961.837999405
326351.968084337
322722.906266721
319103.637928072
315458.703785722
311827.950520509
308124.396077179
301156.039311721
297141.585634254
293497.181391598
289874.994614284
286310.146922527
282740.956425738
279206.359708583
275669.506789497
 272161.56090075
268655.173399717
265176.053387415
261702.116793769
258255.291516507
254816.912667714
251406.152793149
248006.772924938
244635.841141586
241278.941204615
237951.470087977
234640.438177253
231359.692602821
228097.935661955
 224867.17929462
221657.686970764
218479.938236841
215325.485279323
212203.508657534
209106.638375261
206042.939760403
203005.954047182
200002.779009628
 197027.73317762
194087.067618017
 191175.76885431
188299.341730143
185453.350422949
182642.638301898
179863.271714086
177119.504943879
 174407.84284089
171732.013140869
169088.905055806
166481.774343168
163907.848208772
161369.958477534
158865.630386166
 156397.31446189
153962.799337549
 151564.19233683
149199.515321767
146870.566652866
144575.575027599
142316.060777364
140090.436248059
137899.971810372
135743.243012265
133621.295824366
131532.850904377
129478.753169322
127457.852325359
125470.813611272
123516.601479843
121595.721099268
119707.238896884
117851.517982166
116027.715319472
114236.068522518
112475.814822971
110747.081579724
109049.177046934
107382.132358351
105745.318447704
104138.683139795
102561.652500712
101014.102936193
99495.5088012021
98005.6860244905
96544.1510302707
95110.6693358868
93704.7937694583
92326.2486913267
90974.6181617112
89649.5938874416
88350.7864293844
87077.8626493694
85830.4552711251
84608.2134772155
83410.7881690176
82237.8174217135
81088.9666454259
79963.8688320092
78862.2005156358
77783.5951244878
76727.7371878026
75694.2656264125
 74682.870065968
73693.1995518578
72724.9461151513
 71777.773170227
70851.3726499227
69945.4262296787
69059.6234095097
68193.6676990526
67347.2439834793
66520.0808926849
65711.8566526172
64922.3280428307
64151.1647097444
63398.1543844061
62662.9563251256
61945.3918165937
61245.1080208708
60561.9622055486
59895.5878184051
59245.8803921266
58612.4581228275
57995.2569684304
57393.8784079734
 56808.300886979
56238.1077659836
55683.3219664623
55143.5073857737
54618.7333590672
54108.5430259412
 53613.054045416
53131.7875488419
 52664.911424927
52211.9235850553
51773.0440723585
51347.7464005847
50936.3047346262
50538.1670429685
50153.6636465804
49782.2158478532
 49424.212250462
49079.0463942547
 48747.167411146
 48427.940004863
48121.8762282487
47828.3108978411
47547.8215576394
47279.7121093086
47024.6283686679
46781.8423205907
46552.0710799577
46334.5537429441
46130.0820372706
45937.8612348744
45758.7613212519
45591.9528540593
45438.3881030173
45297.2020793311
45156.5358050354