456.841904341209
456.842191857083
456.842413436869
456.842456785809
456.842373355881
456.842146697615
456.841781415155
456.841283007515
456.840645187365
456.839877964396
 456.83897266751
456.837939720989
456.836770082494
456.835473649947
456.834041482602
456.832482755581
456.830788736734
456.828967855485
456.827011607884
456.824927693206
456.822707833991
456.820359021573
456.817873197692
456.815256667288
456.812501582168
456.809613580213
456.806585013212
456.803420868927
456.800113688269
456.796667823522
456.793075993109
456.789341926335
456.785458506738
456.781428851152
456.777245994998
456.772912451319
456.768421393276
456.763774737112
456.758965778614
456.753995842673
456.748858331539
456.743553982792
456.738076287851
456.732425399762
456.726594880618
 456.72058430058
456.714387272615
456.708002784669
456.701424479391
456.694650762354
456.687675283192
456.680495864264
 456.67310613788
 456.66550334182
 456.65768106501
456.649635958913
 456.64136154113
456.632853874864
456.624106376399
456.615114518691
 456.60587158449
456.596372454651
456.586610243744
456.576579238984
456.566272349472
456.555683267734
456.544804657227
456.533629615444
456.522150516862
456.510359864504
456.498249697089
456.485811924872
456.473038200273
456.459919843864
456.446448067122
456.432613605677
456.418407170943
456.403818920301
456.388839001108
456.373457001469
456.357662435392
456.341444333313
456.324791500849
  456.3076924254
456.290135122915
456.272107555865
456.253596862483
456.234590502378
456.215074640712
456.195036260783
456.174460451414
456.153333751227
456.131640060916
456.109365511777
456.086492695376
456.063007379487
 456.03889071563
456.014128159079
455.988699279717
455.962589279421
455.935775993364
455.908244438145
455.879970548813
455.850939234855
455.821124352519
455.790510793503
455.759070142357
455.726787374683
455.693631595171
455.659587978713
455.624622925618
 455.58872194058
455.551848477481
455.513988517996
455.475102308774
455.435176474004
455.394167772212
455.352063655794
455.308817092797
455.264416571623
455.218810944534
455.171989967957
 455.12389802854
455.074526409219
455.023814655034
454.971755862809
454.918284332036
  454.8633952923
 454.80701736381
 454.74914826208
454.689710462404
454.628704557224
 454.56604637447
454.501739830036
454.435693490314
454.367915479169
454.298306503394
454.226877418203
454.153523628787
454.078257144796
454.000968484296
453.921670665021
 453.84024932328
453.756718457562
453.670958810201
453.582985336852
453.492673891737
453.400040357306
453.304955728868
453.207436776726
453.107349692696
453.004712086209
452.899385430073
452.791388113093
452.680577005578
452.566971203507
452.450423126373
452.330952491126
452.208407456576
452.082808258699
451.953999027648
451.822000398817
451.686652751212
451.547976980219
451.405810040447
451.260172925646
451.110899545926
450.958010806914
450.801338011336
450.640901762381
 450.47653125399
450.308246541451
450.135875274436
449.959436680032
449.778757498725
449.593855810113
449.404558156042
449.210881105694
449.012651793449
 448.80988486628
448.602408928411
448.390236238045
448.173197838586
447.951303071485
447.724386487083
 447.49245391311
447.255344580004
447.013060127222
446.765445751614
446.512498142392
446.254069870964
445.990151815622
445.720605462165
445.445414905579
445.164452228912
444.877693644646
444.585023672162
444.286409397825
443.981749788217
443.671001394895
443.354079832829
443.030929520562
442.701485135273
  442.3656771457
442.023461944818
441.674753981241
441.319534290418
440.957698934699
440.589256833031
440.214082947817
439.832217688462
439.443511792279
439.048041197138
438.645628798809
438.236390615623
 437.82011749305
 437.39697070272
436.966704109248
436.529530170445
436.085159949291
435.633863966404
435.175303549391
434.709815348059
434.237002608018
433.757277699256
433.270175613671
432.776196021468
432.274793084132
431.766567999357
431.250878278557
430.728444477566
430.198507145626
429.661929060313
429.117807070008
428.567176280762
428.008953541443
 427.44438718967
426.872162842186
426.293799745309
425.707676193044
 425.11566737675
424.515723054556
423.910206487879
423.296424690898
422.677445603139
422.049483756318
 421.41666379877
420.772776224585
420.123005003443
419.448490115067
418.339426275826
417.471179040238
416.769229438568
416.071333999145
415.380363649116
414.682174684175
413.984383576822
413.278955627488
412.572251299838
 411.85829556529
411.142444301028
410.419807911281
409.695039476827
 408.96393694249
408.230647541414
407.491449849285
406.750112367423
406.003271257755
405.254355255842
404.500416495227
403.744473288958
402.983959917461
402.221558013611
401.455017494821
400.686738282295
399.914735968395
399.141170722978
398.364285269751
397.586032788588
 396.80485270372
396.022517288006
395.237638160439
 394.45182781203
393.663849979448
392.875174745786
392.084701264552
391.293771699813
 390.50140653926
389.708832266528
388.915178681524
388.121567049405
387.327226103504
386.533180934948
385.738750157162
384.944870590363
384.150942754916
383.357822177016
382.564984199195
381.773209273667
380.982041217057
380.192191005481
379.403265197041
378.615910375563
377.829790625659
377.045492795953
376.262733720674
375.482044814723
374.703191257862
373.926653035351
373.152239587326
372.380383223988
371.610933834835
370.844279599676
370.080307283052
 369.31936430199
368.561370926981
367.806637030149
367.055113197494
366.307074847213
365.562499846459
364.821632142682
364.084473986711
363.351240746638
362.621956279931
 361.89681018841
361.175845265469
360.459228092782
359.747017823131
359.039360706816
358.336329763126
357.638053550535
 356.94461653651
356.256132184948
355.572694059796
354.894403091251
354.221359647743
353.553654655385
352.891393048744
352.234658252627
 351.58355757772
350.938169427366
350.298601341984
349.664929163818
349.037258556104
348.415665243996
347.800250942428
347.191093689974
346.588289214637
345.991920288122
345.402074642411
344.818842193784
344.242300696014
343.672549615632
343.109654770504
342.553727579775
342.004819990032
341.463057774563
340.928477093662
340.401220477985
339.881306405075
339.368896570509
338.863989889533
338.366769637265
337.877213302547
337.395528164628
336.921668435905
336.455867837402
335.998055467883
335.548493944126
335.107085425834
334.674123899408
334.249482770872
333.833489893781
333.425988115862
333.027341683146
332.637361089791
332.256449531847
331.884383363491
331.521607325374
331.167861853874
330.823635871085
330.488632126291
330.163386407826
329.847562017324
329.541744348335
329.245555503558
328.959633281667
328.683556845249
328.418019266385
328.162555037829
327.917915449917
327.683588609139
327.460387054464
327.247750805364
327.046556775222
326.856195214571
326.677610643509
326.510141884682
 326.35480441589
326.210884000823
326.066990010574