0.0975286670778907
0.0974956696260721
0.0974703356934794
0.0974657250360598
0.0974758603914066
0.0975026492127527
0.0975455427707809
0.0976038817507266
0.0976783676245669
0.0977678034123396
0.0978731517518344
0.0979931557399629
0.0981288053795269
0.0982788943049838
0.0984443850950093
0.0986241455248311
0.0988190984367967
0.0990281889311606
0.0992522979110722
0.0994904462966267
0.0997434732824354
 0.100010473124795
 0.100292244152003
 0.100587951358629
 0.100898353226342
 0.101222682966954
 0.101561660307938
 0.101914584267245
 0.102282136957241
 0.102663680897389
 0.103059861763862
 0.103470103368173
 0.103895016167308
 0.104334083138063
 0.104787880773351
 0.105255949158929
 0.105738832117765
    0.106236124847
 0.106748339834318
 0.107275125438235
 0.107816964188386
 0.108373555691483
 0.108945353941455
 0.109532107906475
 0.110134244515164
 0.110751560226804
 0.111384456426518
 0.112032775200865
 0.112696893968424
 0.113376698576036
 0.114072544111918
 0.114784358303468
 0.115512475608372
 0.116256863732615
 0.117017838271594
 0.117795404976162
 0.118589862421146
 0.119401252427267
 0.120229858469379
 0.121075756412182
 0.121939216635723
  0.12282034696219
 0.123719406772576
 0.124636533689592
 0.125571978287846
 0.126525905753084
 0.127498560149744
 0.128490131898345
 0.129500860959867
  0.13053096056006
 0.131580669080928
 0.132650220011853
 0.133739852805717
 0.134849818550809
 0.135980360554028
 0.137131744703332
 0.138304221084318
 0.139498067439122
 0.140713543706872
 0.141950936380034
 0.143210518485181
 0.144492581990421
 0.145797416412067
 0.147125315735452
 0.148476589546963
 0.149851530193698
 0.151250471100502
 0.152673699110005
 0.154121575452335
 0.155594377374449
 0.157092498087807
 0.158616200912883
 0.160165915438874
 0.161741886474254
  0.16334458461428
 0.164974231299626
  0.16663134300378
 0.168316112657504
 0.170029107740881
 0.171770487229808
 0.173540875008296
 0.175340390332592
 0.177169719170102
 0.179028934955361
 0.180918791714374
 0.182839310602693
 0.184791319989914
 0.186774781921745
 0.188790605720635
 0.190838687099164
 0.192920023281116
 0.195034436010958
 0.197183017716927
 0.199365508108989
 0.201583102493495
 0.203835450027976
 0.206123856957513
 0.208447872897191
 0.210808923495331
 0.213206449341521
 0.215642004373225
 0.218114910157095
 0.220626858245131
 0.223177040647459
  0.22576729631421
 0.228396676607084
 0.231067178135565
 0.233777699940079
 0.236530407048679
 0.239324033902592
 0.242160925231975
 0.245039637945939
 0.247962708438398
 0.250928501806959
 0.253939762073407
 0.256994629854381
 0.260096071201084
 0.263242076195976
 0.266435706380415
 0.269674876715627
 0.272962718271653
 0.276297080083575
 0.279681155882399
 0.283112732620262
 0.286595061035255
 0.290125869697757
 0.293708460403103
 0.297340507342994
 0.301025356988272
 0.304760633509687
 0.308549721214646
 0.312390198987943
 0.316285481660647
  0.32023310796493
 0.324236515452484
 0.328293208256337
 0.332406638339385
 0.336574281231882
 0.340799594475623
 0.345080031461275
 0.349419045937412
 0.353814076110317
 0.358268562005862
 0.362779934119903
 0.367351608250318
  0.37198101520378
 0.376671535449369
 0.381420608703777
 0.386231568389646
 0.391101872344048
 0.396034794585219
 0.401027820928357
 0.406084152962771
 0.411201315026782
  0.41638242255996
 0.421625049700231
 0.426932211286239
 0.432301543312936
 0.437735944796967
 0.443233126484446
 0.448795855532879
 0.454421931233752
 0.460113971977838
  0.46586988036879
 0.471692108188233
 0.477578677174926
 0.483531853647526
 0.489549795455878
 0.495634563499061
 0.501784469980095
 0.508001349209634
 0.514283687384737
 0.520633069715196
 0.527048177588268
 0.533530323098723
 0.540078405761168
 0.546693438848636
 0.553374564902658
 0.560122470744306
 0.566936569069538
  0.57381719041328
 0.580764047301532
 0.587777081603094
 0.594856338286112
 0.602001335209018
  0.60921248580488
 0.616488845098341
 0.623831235003832
 0.631238204772185
 0.638711029531636
 0.646247704908164
 0.653850009594867
 0.661515331832747
 0.669246010988141
 0.677038766982628
 0.684896565173294
 0.692815387432942
 0.700798900509273
 0.708842267601811
 0.716949944780638
 0.725116182294082
 0.733346329250298
  0.74163361133767
 0.749984394594308
 0.758390746221728
  0.76686019930607
 0.775383499420322
 0.783969531567099
 0.792607517584267
 0.801307926340121
 0.810058200726897
 0.818870690906587
 0.827730731399431
 0.836652945057679
 0.845620121777042
 0.854649688629002
 0.863721295411102
 0.872855924256588
 0.882029242058434
 0.891266902393298
  0.90053934311839
 0.909878669759119
 0.919248150966723
 0.928689494201728
 0.938155613727925
 0.947704438511227
 0.957273347713726
 0.966956103179893
 0.976674516232617
 0.986708847024651
  1.00309282338055
  1.01582422375093
  1.02605895113511
   1.0361849922662
  1.04616359901783
  1.05620068354821
  1.06618770874888
  1.07624057824079
  1.08626938390384
  1.09635968495596
  1.10643648855525
  1.11656936553708
  1.12669378184294
  1.13686918407483
  1.14703858470052
  1.15725435627741
   1.1674651740702
   1.1777181510952
  1.18796699091371
  1.19825283605982
  1.20853530253948
  1.21885010505507
  1.22916168286365
  1.23950129523671
  1.24983739252435
  1.26019750681457
  1.27055347931299
  1.28092967470376
  1.29130084063891
  1.30168861445762
  1.31207026456856
  1.32246505357816
  1.33285245835582
  1.34324965402703
  1.35363806926403
  1.36403302914592
  1.37441770038318
  1.38480575683016
  1.39518192302544
  1.40555839005432
  1.41592128665827
   1.4262814654257
   1.4366263269743
  1.44696551019456
  1.45728757248354
  1.46760104800045
   1.4778955498823
  1.48817860354212
  1.49844078837179
  1.50868870630002
  1.51891382304694
  1.52912189340327
  1.53930519744223
  1.54946871170816
  1.55960546529867
  1.56971971913919
  1.57980519160093
  1.58986548533195
  1.59989495292323
  1.60989659161012
  1.61986533711526
  1.62980363032267
  1.63970694235378
  1.64957720356352
  1.65941037558187
  1.66920792129274
  1.67896625035448
  1.68868639887551
  1.69836518410599
  1.70800325405303
  1.71759779485351
  1.72714910335716
  1.73665469734735
  1.74611455797892
  1.75552649867771
  1.76489021909852
  1.77420379334493
  1.78346667268282
  1.79267715779809
  1.80183448375375
  1.81093714444469
  1.81998419012906
  1.82897427513146
  1.83790629563408
  1.84677903409424
  1.85559126278087
  1.86434186037156
    1.873029504908
  1.88165313967412
  1.89021137777131
  1.89870319569874
  1.90712717057294
  1.91548228087258
  1.92376709641207
  1.93198056650914
  1.94012128213717
  1.94818813235405
  1.95617975757577
  1.96409495549432
   1.9719324441129
  1.97969089859987
  1.98736914258459
  1.99496569746165
   2.0024795204482
  2.00990894778463
  2.01725309818467
   2.0245100911882
  2.03167923488226
  2.03875840036023
  2.04574711294433
  2.05264296330321
  2.05944572185558
  2.06615266660331
  2.07276384093358
  2.07927617764428
  2.08569002098231
  2.09200192567814
  2.09821256475465
   2.1043180816535
  2.11031950611826
  2.11621253669019
  2.12199858780716
  2.12767287907485
  2.13323723762578
  2.13868636963629
  2.14402254295583
  2.14923991534224
  2.15434122339779
  2.15932004093804
  2.16417960135634
  2.16891285842561
   2.1735235703557
  2.17800403415438
  2.18235856084134
  2.18657875326561
  2.19066950319407
  2.19462168119811
  2.19844078764332
  2.20211692192007
  2.20565622072322
  2.20904797250902
  2.21229897786811
  2.21539767364697
  2.21835155168292
  2.22114815553253
  2.22379569535371
  2.22628077863827
  2.22861236058954
  2.23077606866156
   2.2327816293903
  2.23478760431739