456.710672770473
456.711069976777
456.711388716557
456.711486158001
456.711423312989
456.711183244316
456.710769135835
456.710189518712
456.709435731331
456.708520784158
456.707433805213
456.706187923845
456.704772074431
 456.70319862761
  456.7014567413
456.699557876979
456.697491496627
456.695268151271
456.692877616094
456.690329558512
456.687614060499
456.684739935733
456.681697562785
456.678494929526
456.675122699668
456.671588060465
456.667881948598
456.664010773218
456.659965731192
456.655752473619
456.651362444192
456.646800553755
456.642058478847
456.637140405839
456.632038229475
456.626755425585
456.621284091772
456.615627005594
 456.60977645139
456.603734519211
456.597493663148
456.591055295176
456.584412021204
456.577564583367
456.570505720419
456.563235511848
456.555746809129
456.548039035394
456.540105133459
456.531943875643
456.523548273335
456.514916452977
456.506041470267
456.496920810256
456.487547547031
456.477918528452
456.468026819286
456.457868634276
456.447436999221
456.436727499868
 456.42573309128
456.414448734573
 456.40286728002
456.390983068896
456.378788810147
 456.36627823064
456.353443858772
456.340278813292
456.326775399922
456.312926136682
456.298723061344
456.284158099935
456.269222973615
456.253909026767
456.238207611597
456.222109503113
456.205605628259
456.188686207149
456.171341680878
 456.15356173171
456.135336249678
456.116654399153
456.097505448916
456.077878068711
456.057760830497
456.037141936398
456.016009180189
455.994350327564
455.972152306522
455.949402482202
 455.92608682253
455.902192333175
 455.87770392049
455.852608277556
455.826889139895
455.800532941309
455.773522128923
455.745842937655
455.717476399748
455.688408619456
455.658619078095
455.628093826091
455.596810647548
455.564755625351
455.531904689149
455.498244050957
   455.463747617
455.428401836449
455.392178410614
455.355064146266
 455.31702834492
455.278058304949
455.238120718914
455.197203525565
455.155270584108
455.112310638527
455.068284474033
455.023181822173
454.976960136216
454.929610336568
 454.88108626818
454.831380262177
454.780442259199
  454.7282662452
454.674797939658
454.620033251524
454.563913340075
454.506436331401
 454.44753846196
454.387220397151
 454.32541306287
454.262120016529
454.197266457108
454.130859230279
 454.06281730405
453.993151577171
453.921774344929
453.848699144558
453.773833984666
453.697193629914
453.618682186277
453.538315521359
453.455993876673
453.371734191555
453.285432870109
453.197107892546
453.106651868416
453.014083780656
 452.91929250654
452.822297984877
452.722985444389
452.621375723179
452.517350508563
452.410931470555
452.301996887695
452.190569182535
452.076523385136
451.959882577914
451.840518732669
451.718455484304
451.593561968846
451.465862250043
451.335222885371
451.201668225823
451.065062544831
450.925430319197
450.782633872763
450.636697624842
450.487482326853
450.335012133192
450.179146645638
 450.01990951965
449.857159678765
449.690920016176
449.521049300368
449.347569366608
 449.17033940664
448.989379866493
448.804550998121
448.615871487661
 448.42320334661
448.226563087118
448.025815245955
447.820973699164
447.611906345246
447.398623908885
447.180998562223
446.959037304436
446.732617573868
446.501742004678
 446.26629438039
446.026272257938
445.781566937912
445.532170106777
445.277981854338
445.018987112786
444.755096141994
444.486286134575
444.212479019782
443.933643151218
443.649713756704
443.360649122599
  443.0663995478
442.766911877233
442.462153412705
442.152058017376
441.836612106291
441.515734830434
441.189434030081
 440.85761219496
 440.52030113245
440.177384468836
439.828920784967
439.474772346544
439.115027621573
 438.74952467174
438.378385326631
438.001420190583
437.618788357156
437.230269230393
436.836063583638
436.435915287001
436.030071832609
435.618236502441
435.200709312265
434.777147011907
 434.34790889944
433.912598134507
433.471641261237
433.024579374805
432.571915775933
432.113119189026
431.648781202376
431.178285446095
430.702326018666
430.220185469434
429.732678296842
429.238965459301
428.740004872205
428.234808919144
427.724509338139
 427.20793332564
426.686427883069
426.158583380794
425.626020723368
425.087016857005
424.543553433529
423.993472254007
423.439251612773
422.878084139258
422.313170849848
421.740610587857
421.164712052228
420.579193787347
419.989688917131
419.378078369363
418.356368136803
417.584757107503
416.952575799953
416.323266729817
415.701262192065
415.072859955726
414.445775204786
413.812091386125
413.178117294516
412.537961076175
411.896881977788
411.250072527866
410.602007823178
409.948749678263
409.294032467485
408.634594018813
407.973614982457
407.308340459472
406.641521505347
 405.97079961473
 405.29858242293
404.622830743285
403.945670951043
403.265327248942
402.583691035753
401.899207916456
401.213569705627
400.525411003333
399.836251725095
399.144889864721
398.452695524762
 397.75860946134
397.063869890564
396.367543413693
395.670751137025
394.972671420892
394.274320613453
393.574976943056
392.875562457696
392.175445089889
391.475461548244
 390.77506068249
390.075001626106
389.374806469382
388.675163569712
387.975661485813
387.276923813064
386.578599550099
385.881252901412
385.184587893415
384.489114181004
383.794585920908
383.101462620731
382.409544102695
 381.71924376406
381.030402993597
380.343392809875
379.658092380413
378.974833820783
378.293530555388
377.614479057298
 376.93762371428
376.263228436061
 375.59126547715
374.921969110001
 374.25533652971
373.591575168098
372.930704382812
372.272907452173
371.618223247464
370.966813487942
 370.31873402254
369.674127527433
369.033064392272
368.395670699787
 367.76202903052
367.132251267396
366.506429908822
365.884664984396
365.267056705241
 364.65369555457
364.044687311169
363.440115185864
 362.84008843337
362.244685238904
361.654016288762
361.068156967133
360.487217389707
359.911272346471
359.340429417878
358.774764992744
358.214382185137
357.659361165519
357.109798680289
356.565780857416
356.027396200975
355.494738968414
354.967887570574
354.446946565313
353.931982440463
353.423112226948
352.920388678622
352.423943476532
351.933813846268
 351.45014830312
350.972966764906
350.502436775012
350.038559176989
349.581522748653
 349.13130750425
348.688125677633
348.251934708724
347.822972527256
347.401172262533
346.986799801337
346.579762233621
346.180355689003
345.788459495901
345.404402340686
 345.02803407373
344.659718283959
344.299273632089
343.947100991385
343.602986125655
 343.26736961466
342.940002621956
342.621367901097
342.311180315762
342.009967310994
341.717405754697
 341.43407035719
341.159598298681
340.894614190882
 340.63871383893
340.392574461292
340.155748806196
339.928969481078
339.711744502246
339.504864733498
339.307791792924
339.121377762712
338.945036207688
338.779683495396
338.624683496708
338.469717255325