1800699.27809166
1800698.44480636
1800742.35278539
1800767.14429512
1800789.52466748
1800814.17648565
1800827.11454772
1800846.36879488
1800852.51575826
1800865.38936055
1800865.39542802
1800871.78015342
1800865.85456441
1800865.80529629
1800854.04494955
1800847.63156014
1800830.09109705
1800817.36840332
1800794.07586676
1800775.07820379
1800746.03912635
1800720.77994052
1800685.97887005
1800654.45123539
1800613.85260026
1800576.02981171
  1800529.578536
1800485.41461285
1800433.03657706
1800382.46665103
1800324.06902691
1800267.00961694
1800202.48108967
1800138.83027079
1800068.04115734
1799997.67863047
1799920.48090148
1799843.26797058
1799759.49518157
1799675.27464337
1799584.74178037
 1799493.3377312
1799395.84097507
1799297.05853847
1799192.37495133
1799085.99992974
1798973.88706649
 1798859.6855194
1798739.88096674
1798617.59871747
1798489.81956229
1798359.18163508
1798223.12386383
1798083.83385257
1797939.17168284
1797790.91105234
1797637.29619751
1797479.72351821
 1797316.7843859
1797149.53450253
1796976.87532742
1796799.55846187
1796616.75837316
1796428.95916204
1796235.57118585
1796036.84765275
1795832.39764964
1795622.28011223
1795406.26565002
1795184.25556219
1794956.14472426
1794721.71345343
1794480.94358262
1794233.53112241
1793979.50750105
1793718.52111974
1793450.61558603
1793175.42841119
1792892.97791282
1792602.92745298
1792305.23253863
1791999.61914284
1791685.94239282
1791364.02764945
1791033.59204703
1790694.59712332
1790346.58436842
1789989.68829299
1789623.23706071
1789247.57495138
1788861.77909806
1788466.44033808
1788060.34705828
1787644.37342467
1787216.98136311
1786779.36511126
1786329.62243435
1785869.30434412
1785396.10677655
1784911.97416549
1784414.16299826
1783905.04770894
1783381.40778595
1782846.08415485
1782295.34184644
1781732.52466337
1781153.34583594
1780561.68830372
 1779952.6762961
1779330.76800164
1778690.46161981
1778036.82652896
 1777363.6980723
1776676.79256221
1775969.24589554
1775247.45683978
1774503.82552736
 1773745.4684504
1772964.01396918
 1772167.3312886
1771346.24133992
1770509.40071632
1769646.78765672
1768767.88047284
1767861.77988652
1766938.81987907
1765987.18931605
1765018.11138511
 1764018.8292918
1763001.48851142
1761952.35339896
1760884.52416217
1759783.25455831
1758662.62705172
1757506.87758383
1756330.96653558
1755118.48358835
1753884.67788208
  1752612.988747
1751318.71231188
1749985.23244444
 1748627.8383865
1747229.90196572
1745806.66588746
1744341.52956006
1742849.65081264
1741314.49591249
1739751.09990292
1738143.03505966
1736505.17614844
1734821.24045756
 1733105.9054501
1731343.07225202
1729547.18451932
1727702.36582562
1725822.79009088
1723892.84169374
1721926.38952003
1719908.11681937
1717851.55283122
1715741.71741126
1713591.76628039
 1711387.0932643
1709140.44748598
1706837.63369351
1704490.96217607
1702086.68510456
 1699636.6425894
1697127.57023302
1694570.80755701
1691953.60907342
1689286.78427883
1686558.14150524
1683777.93179533
1680934.55160861
1678037.66613874
1675076.29364569
1672059.48713128
 1668976.9196661
1665837.00677913
1662630.10867545
1659363.97919096
1656029.69728543
 1652634.3319291
1649169.71174247
 1645642.1986788
1642044.40120931
 1638381.9530987
1634648.27215097
1630848.24369184
1626976.12365266
1623036.02951337
1619023.08347413
1614940.61650712
1610784.64462119
1606557.69424067
1602256.70219288
1597883.37278606
1593435.59024093
1588914.21947248
1584318.11835835
1579647.29521805
1574901.60769566
1570080.19013066
1565183.92608729
1560211.05805316
 1555163.5219579
 1550038.6497162
1544839.45666756
1539562.34415341
1534211.43494849
 1528782.1780279
1523279.83308195
1517698.87251699
1512045.72446397
1506313.85740262
1500510.90221143
1494629.29201842
 1488677.8984651
1482648.08270884
1476550.00005251
1470373.89645999
1464131.26017858
1457811.17036156
1451426.50581145
1444965.11654967
1438441.34041892
1431841.72225032
 1425182.1416741
1418447.74447473
1411656.05366666
1404790.69877736
1397870.97298516
  1390878.841208
1383835.52769628
 1376721.1420406
 1369559.0475666
1362327.24875842
1355051.52248124
1347707.43348205
1340323.54303906
1332872.51499183
 1325386.2105467
1317833.73362625
1310250.98698784
1302602.52663343
1294929.40998101
1287190.06189369
1279432.45433317
1271606.07967636
1263768.77414842
1255855.25255515
1247938.26174416
1239920.77960439
1231893.28744262
1223602.19465567
1209951.31223087
1199810.28955467
1191545.62797923
1183357.61957686
1175302.97783078
1167204.06534122
1159160.78213119
1151071.95829052
1143018.76043353
 1134926.8273978
1126863.29839101
1118768.20252269
1110698.19715881
1102604.72241396
1094534.66093116
1086448.26004153
1078385.09851292
1070311.99551293
1062262.86687195
1054209.63260148
1046181.68567816
1038155.02273967
1030155.33715493
1022161.95765759
1014197.49182954
1006244.04059071
998321.595920747
990414.598077854
982540.791997508
974686.614890865
 966867.85938039
959072.683492463
951315.167411161
943584.963528785
935894.637901883
928235.148883527
920617.714681163
913034.440860651
905495.338999258
897993.526616504
 890537.93001076
883122.562264287
875755.369806242
868431.160240497
861156.992604855
853928.380614804
846751.577798265
839622.726074737
832547.346579114
825522.140342586
818551.961909849
811634.009794761
 804772.53159923
797965.168059461
791215.614259189
784521.903370803
777887.227917689
771309.968458707
764792.861064793
758334.592754784
751937.485911519
745600.496696737
739325.573644138
733111.907917049
726961.111460862
720872.579106457
714847.621183712
708885.807349156
702988.179245712
697154.454734543
691385.437862071
685680.970059199
680041.647203839
674467.411443511
668958.678403754
663515.469698496
658138.047235518
652826.492290603
647580.938320687
642401.507765493
 637288.22973059
  632241.2505049
627260.517864119
622346.185704716
 617498.14249658
612716.534476496
608001.211908691
603352.298988692
598769.628019103
594253.287578092
589803.111458007
585419.139776313
581101.226533706
576849.351210089
572663.406057641
568543.298347818
564488.976007416
560500.263079072
 556577.18002144
552719.457127288
548927.203731718
545200.046308787
541538.198955115
537941.174665754
534409.307777412
530941.988513815
527539.686577358
524201.660458373
520928.530051964
517719.413448147
514575.095318657
511494.544948656
508478.726184372
505526.451333378
502638.877686976
499814.652605732
497055.141030437
494358.817582175
491727.269053278
489158.789685314
486655.202388403
484214.613514429
481839.096492415
479526.562384186
 477279.34974809
475095.167046649
472976.632866406
 470921.24583691
468931.919845611
467005.936517849
 465146.52077964
463350.730132729
 461622.11684298
459957.507214105
458360.797824542
456828.576748197
455365.102637908
453966.718349555
452638.063289518
451375.228158561
450183.252857201
449057.969059727
448004.838120493
447019.425902467
446037.206304961