0.113879571291373
0.113840536047983
0.113809335383922
0.113800179540615
0.113807008656795
0.113831501628259
0.113873333263343
0.113931634548817
0.114007242957393
0.114098831119209
0.114207440874685
0.114331721718763
0.114472719460215
0.114629148817637
0.114802018267157
0.114990123496661
0.115194427786141
0.115413808467196
0.115649182815217
0.115899507469165
0.116165654405062
0.116446656736711
0.116743342193941
0.117054817549492
0.117381867441158
 0.11772366959553
0.118080966759917
0.118453005028058
0.118840486493306
0.119242723138517
0.119660377671406
0.120092825582073
0.120540691491972
0.121003412100244
0.121481575272792
0.121974676691385
0.122483268829315
0.123006904185067
 0.12354610123591
0.124100467180902
0.124670487933364
0.125255823316291
0.125856928148886
0.126473512831077
0.127106002598148
0.127754156400057
0.128418371441681
0.129098453206949
0.129794772470421
0.130507179235737
0.131236019497354
0.131981185757291
0.132743000934061
0.133521397990921
0.134316678532626
0.135128813922066
0.135958086274774
  0.1368045032586
0.137668329391325
0.138549606509421
0.139448583496123
0.140365334169928
0.141300093819516
0.142252965999894
0.143224174527232
0.144213850379903
0.145222208111168
0.146249403733177
0.147295644839165
0.148361110000099
0.149446002251315
0.150550520153196
0.151674864690739
0.152819251740676
0.153983882857074
0.155168988446894
0.156374773371182
0.157601479658369
 0.15884931833978
0.160118540024133
0.161409364908845
0.162722048999324
 0.16405682479477
 0.16541395036104
0.166793673782299
0.168196251685526
 0.16962195117837
 0.17107102377582
0.172543759210978
   0.174040400029
0.175561262362214
0.177106575732186
0.178676686624651
0.180271807276467
0.181892318670241
0.183538411277938
0.185210504920915
0.186908763595031
0.188633650510087
0.190385298231373
0.192164218124306
0.193970506113438
0.195804726714384
0.197666933732347
0.199557750065367
0.201477181639279
0.203425915214903
0.205403902784064
0.207411900709664
0.209449800686783
0.211518434689733
0.213617627432351
 0.21574829279112
 0.21791018147843
0.220104295856862
0.222330305267306
0.224589307447592
0.226880882632822
 0.22920623114287
0.231564835993926
0.233958007625132
0.236385123326959
0.238847611538673
0.241344734909456
0.243878048116799
0.246446689828937
0.249052349571036
0.251694032251005
0.254373571237197
0.257089827441634
0.259844787475557
0.262637157531418
0.265469087367688
 0.26833911676686
0.271249571508702
0.274198798682402
0.277189309776154
0.280219325192653
0.283291433260287
0.286403791133241
0.289559042930179
0.292755290197731
0.295995226956934
0.299276902809466
0.302603056619858
0.305971689662364
0.309385580341444
0.312842685474798
0.316345817371541
0.319892892550791
0.323486751242796
0.327125274128851
0.330811323016774
0.334542747528564
0.338322424334412
0.342148177108814
0.346022890285723
0.349944367053357
0.353915492115356
0.357934054001262
0.362002929782381
0.366119899541424
0.370287824394335
0.374504482592007
0.378772710537179
0.383090291687292
0.387460028524425
0.391879717195929
0.396352116590106
0.400875043495984
0.405451203051669
0.410078441133499
 0.41475939847006
0.419491958992437
0.424278687835424
0.429117516504917
0.434010922807708
0.438956895931502
0.443957814042304
0.449011734741964
0.454120923631382
  0.4592835181275
0.464501657692012
0.469773571675612
0.475101259132341
0.480483054239014
0.485920800627089
0.491412951029803
0.496961177833411
0.502564066969831
0.508223102877749
0.513937020327734
0.519707098143705
0.525532236672349
0.531413490390111
0.537349943171416
0.543342405227573
0.549390163263464
0.555493761980599
0.561652711729655
0.567867268961243
0.574137190191187
0.580462419178949
 0.58684298305671
0.593278486509999
0.599769253943103
0.606314522348898
0.612914942592161
0.619569352763135
0.626278762305274
0.633041576172365
0.639859197918451
0.646729561573379
  0.6536545043413
0.660631447333711
0.667662705686607
0.674745140580036
0.681881595022539
 0.68906831721358
0.696308734789074
0.703598422595239
0.710941457935859
0.718332672960553
0.725776869864457
0.733268057653374
0.740811851300005
0.748401342314509
0.756043062286878
0.763729073240916
0.771466947620206
0.779247583266312
0.787079744227228
0.794952999751112
0.802877491372247
 0.81084125569932
0.818856045223532
0.826908105831067
0.835011100603969
0.843149151046359
0.851338225360998
0.859559878088934
0.867832918463546
0.876135728812963
 0.88449071623125
0.892872232080271
0.901307405411964
0.909765282201696
0.918279501910579
 0.92681180788832
0.935405497966533
 0.94401168677835
0.952689875320032
0.961374882417801
0.970161360214558
0.978964642405279
0.988053858413438
 1.00314116839925
 1.01445872971719
 1.02368415566941
 1.03282704311228
 1.04182526595745
 1.05087838105207
  1.0598759886187
 1.06893240282586
 1.07795803147642
 1.08703735912789
 1.09609633652279
 1.10520347457453
  1.1142963063225
 1.12343066861695
 1.13255490226891
 1.14171505753898
  1.1508675264518
 1.16005105388448
 1.16922825304733
 1.17843219182697
 1.18763043391493
 1.19685150029336
 1.20606698838983
 1.21530169059359
 1.22453055540571
 1.23377525931619
 1.24301357988949
  1.2522645490869
 1.26150836528207
 1.27076178685416
 1.28000710744328
  1.2892591094435
  1.2985019177342
 1.30774858149727
 1.31698483947464
 1.32622220862048
 1.33544786014096
 1.34467194735414
 1.35388292068922
 1.36308971294155
 1.37228192284176
 1.38146738548072
 1.39063673486015
 1.39979681483769
 1.40893919613866
 1.41806982456315
 1.42718112083737
 1.43627821497302
  1.4453543007017
 1.45441376550158
 1.46345050716837
 1.47246823640206
 1.48146149282789
 1.49043336984755
  1.4993789922929
 1.50830089046975
 1.51719472250836
 1.52606250536336
 1.53490038252952
 1.54370990357605
 1.55248765278738
 1.56123475509932
 1.56994819385581
 1.57862870937135
 1.58727364473116
 1.59588339329993
 1.60445562063205
 1.61299040881137
 1.62148571032452
 1.62994132992871
 1.63835547297565
 1.64672769938111
 1.65505643453686
 1.66334102474415
 1.67158008365591
 1.67977277410896
 1.68791786711503
 1.69601437127632
 1.70406118479047
 1.71205719046994
 1.72000138412668
 1.72789255056094
 1.73572975411624
 1.74351170879313
 1.75123751877427
  1.7589058539968
 1.76651583009336
 1.77406609927548
 1.78155576046251
 1.78898347414754
 1.79634829453034
 1.80364891612138
 1.81088432048976
 1.81805326167948
 1.82515462075724
 1.83218723664252
 1.83914986201634
 1.84604144588101
 1.85286058459054
 1.85960636233723
 1.86627719110548
 1.87287231531467
 1.87938993439543
  1.8858294779873
 1.89218890460326
 1.89846785407436
 1.90466401541594
 1.91077726361937
 1.91680498937088
 1.92274732780447
 1.92860134215983
 1.93436745272263
  1.9400423658483
 1.94562681202047
 1.95111711091783
 1.95651432831345
 1.96181436702692
  1.9670186532629
 1.97212264237368
 1.97712814619104
 1.98203014152821
 1.98683085109315
 1.99152474158542
 1.99611447188934
 2.00059396647133
 2.00496634573754
 2.00922495921195
 2.01337341420459
 2.01740445194975
  2.0213221920678
 2.02511873346521
 2.02879873348671
 2.03235361392433
 2.03578859524783
 2.03909438653619
 2.04227679674569
 2.04532578576156
 2.04824777631563
  2.0510319416573
 2.05368534347131
 2.05619632988075
 2.05857262654128
 2.06080171681096
 2.06289201511597
 2.06498251079991