694609.218380657
 694610.54880387
694628.806042448
694638.756541213
694647.100819086
694655.573984066
694658.794577749
694663.753543368
694662.921857647
694664.005153137
694659.399351202
694656.583807683
694648.302922934
694641.624059311
 694629.71761693
694619.211686134
694603.707566668
694589.400006261
694570.310853584
694552.214377927
694529.539414855
694507.654043858
694481.379843337
694455.693260062
694425.794224021
694396.282131547
694362.720841868
694329.347256772
694292.074738721
694254.792213497
694213.748125126
694172.497902622
694127.610657302
 694082.32276177
694033.509589086
 693984.10285822
 693931.26980749
693877.651869238
693820.693759262
693762.760956683
693701.561274745
693639.198541665
693573.629294401
693506.709984189
 693436.63150248
693365.017171933
693290.277871658
693213.818021616
693134.254121801
693052.785895894
692968.221095532
692881.568938173
 692791.81405279
692699.789327386
692604.641886227
692507.042454382
692406.286258968
692302.896021346
692196.300666009
692086.889065406
691974.209420369
 691858.53090749
691739.506564936
691617.300027323
691491.654710933
691362.642865462
691230.083803838
 691093.97255323
690954.189817693
690810.667571507
690663.333378774
690512.070339426
 690356.83831975
690197.485734177
690033.990165677
 689866.17954341
689694.034553398
689517.376851931
689336.175586257
689150.260364815
688959.574126425
 688763.96866941
688563.346027558
 688357.59443926
688146.560311071
687930.182583446
687708.237289857
687480.728345576
687247.346644001
687008.175357288
686762.805453759
 686511.41365196
686253.476195932
 685989.27764523
685718.164710688
685440.544089851
685155.618146912
684863.930013523
684564.522895266
684258.090649478
683943.502519392
683621.617370893
683291.115696948
682953.035641521
682605.854183651
682250.802996448
681886.140814953
681513.307068417
681130.327561627
680738.863676829
 680336.69365725
 679925.71499828
679503.443817336
679072.027839364
678628.706571804
678175.892034357
677710.532734393
677235.318992427
676746.894034678
676248.240421042
675735.681940396
 675212.50725436
 674674.70669994
674125.888817486
673561.696636947
672986.072259615
672394.297731052
671790.662291119
671170.073521139
670537.181260703
669886.505374526
669223.069583058
 668540.99331776
667845.685701421
667130.862082983
 666402.27989031
665653.390795329
664890.070742055
 664105.70652086
663306.195025371
662484.896431348
661647.707662981
660787.979601049
659911.594108413
659011.908598903
658094.775333688
657153.574014035
656194.112950073
655209.809902734
654206.415066621
 653177.40004951
652128.442969436
651053.085073023
649956.918664442
 648833.57041461
647688.533320542
646515.535244009
 645319.95664553
644095.642312216
642847.847221987
  641570.5487757
640268.863824192
638936.918009564
637579.677729861
  636191.4324195
634776.986032338
633330.807253592
631857.525949454
630351.805405178
628818.090114961
 627251.25318707
625655.542826964
624026.057045479
622366.837215371
620673.221169098
618949.033276999
617189.865935007
615399.316712822
613573.247118524
611715.018486936
609820.775778939
607893.635011396
605930.038717469
603932.848845344
 601898.81938786
599830.549780873
597725.119124246
595584.856172347
593407.178535201
591194.136350467
588943.498897887
586657.029947701
584332.863371939
581972.468948009
579574.357839735
 577139.69826145
574667.391168145
572158.295613644
569611.714677233
567028.190531418
564407.440593921
561749.682199736
559055.059263671
556323.455961355
 553555.45489112
550750.598229996
547909.919581501
545032.609590197
542120.165458792
539171.415862757
536188.334644028
 533169.37692362
530117.006888002
527029.293076343
523909.204666589
 520754.40879349
517568.395563894
514348.413660151
511098.491787742
507815.440372331
504503.846682841
501160.059663174
497789.248127953
494387.272048831
490959.908722213
487502.496300016
 484021.45267884
480511.554549878
476979.899345619
473420.653934233
469841.643249751
466236.364610054
462613.430499623
458965.593880208
455302.331227917
451615.555902994
447915.707447456
444193.735948015
440461.175034141
436707.847068757
432946.557132077
429165.774652632
 425379.82303808
421575.498616139
417768.998635767
413944.968276335
410122.012580104
406281.861894307
402446.373599191
398593.014927847
394748.311419009
390882.658081371
 387029.67098667
383144.529330111
379269.295631831
375284.013948287
368740.876447237
363894.066060256
359963.760250491
356087.387090609
352291.124585231
348490.983076231
344733.796850729
340972.290547775
337244.235433799
 333515.23318953
329816.252316654
326119.809095881
322451.792423543
318790.142791343
315156.069621169
311531.667000841
307934.652778925
304350.200909462
300793.327202852
297251.579025367
 293737.81932365
290241.477213486
286773.659899167
283325.321163522
279906.109074003
276508.233933978
273140.112321357
269795.004206663
266480.273510213
263190.066725451
259930.838454202
256697.490636489
 253495.68548656
250320.973415101
247178.321131635
244063.839032848
240981.879713946
237929.039518038
234909.126152795
231919.159331863
228962.461413916
226036.422132453
223143.930216904
220282.699586014
217455.230672444
214659.521936885
211897.725570185
209168.090082041
 206472.45506897
203809.288918942
201180.150563288
198583.701753365
196021.249517183
193491.625568656
190995.911071689
188533.086971294
186104.032245632
183707.858640515
181345.264562748
179015.476122468
176719.030951156
174455.254822203
172224.542774294
170026.307059651
167860.816865474
165727.559068705
163626.692451278
161557.767831435
 159520.84786199
157515.537652284
155541.816939962
153599.336389555
151688.005069257
149807.511273791
147957.704761947
 146138.30425434
144349.110747935
142589.866826614
140860.334526151
139160.274303265
137489.418345347
135847.539502428
134234.348592338
132649.625835576
131093.068574638
129564.459786186
128063.490692703
126589.942778399
125143.508004696
123723.962442166
122331.005193657
120964.403288099
119623.868953406
118309.156811284
117019.997815199
115756.131048808
114517.311442508
113303.259620856
112113.759426092
 110948.51028977
109807.329615823
108689.893075555
107596.056029811
106525.467970399
105478.026385218
104453.352298328
103451.389298628
102471.727769648
101514.361207388
100578.847283355
99665.2330668739
98773.0415342249
97902.3768821875
97052.7254850002
 96224.252136632
95416.4047679751
94629.4121833893
93862.6820847103
 93116.510671549
92390.2636775521
91684.3080827845
90997.9659520061
90331.6784608299
89684.7223356853
89057.6164232512
88449.5904670501
87861.2445526392
87291.7598156229
86741.8212742176
86210.5598463685
85698.7493383721
85205.4688528582
84731.5850395099
84276.1235982466
83840.0483187624
83422.3299209364
83024.0339175514
82644.0744825651
82283.6237708205
81941.5378596214
81619.1008558848
 81315.109211014
81030.9647462322
80765.4027884923
 80500.893820448