 4.61914896680647
 4.61914977946196
 4.61926474223122
 4.61932894169735
 4.61938570220494
  4.6194469049275
 4.61947669894301
 4.61952140140654
 4.61953111948855
 4.61955683256489
 4.61954819298831
 4.61955467328971
 4.61952824660162
 4.61951566144172
 4.61947171872228
 4.61944026465374
 4.61937895883245
 4.61932878465906
 4.61925019136537
 4.61918138456554
 4.61908551305518
 4.61899809907717
 4.61888489647588
 4.61877884034516
 4.61864819412391
 4.61852340218653
 4.61837514193196
 4.61823146330951
 4.61806536204223
 4.61790258973771
  4.6177183648568
 4.61753623652194
 4.61733355041447
 4.61713174880124
 4.61691020914396
 4.61668836226263
 4.61644752203826
 4.61620520304159
 4.61594456028838
 4.61568128709908
 4.61540028440986
 4.61511551910575
 4.61481354288997
 4.61450669085903
 4.61418307037921
 4.61385347925489
  4.6135074854472
 4.61315444383232
 4.61278528791885
 4.61240802390504
 4.61201485580433
 4.61161253529239
 4.61119444183301
 4.61076616665843
 4.61032216959951
 4.60986697546637
 4.60939602932797
 4.60891288355347
 4.60841387325864
 4.60790167232971
 4.60737341065977
 4.60683097760286
 4.60627220246664
 4.60569828403119
 4.60510765554882
 4.60450091920469
 4.60387701660625
 4.60323604735537
 4.60257736569472
 4.60190066269723
 4.60120560938157
 4.60049158239697
 4.59975847353271
 4.59900543917673
 4.59823249573308
 4.59743867355197
 4.59662401734395
 4.59578752570792
 4.59492917520128
 4.59404802702025
 4.59314389296188
 4.59221599122724
 4.59126387210557
 4.59028700526309
 4.58928458260416
 4.58825641976428
 4.58720125327061
 4.58611933926403
 4.58500886180505
 4.58387061209291
  4.5827021245573
 4.58150482000731
 4.58027548602949
 4.57901626757119
 4.57772310814664
 4.57639897132139
 4.57503885932717
 4.57364664875059
 4.57221630339059
 4.57075270714813
 4.56924868834487
 4.56771023234363
 4.56612893510158
 4.56451197740503
 4.56284962617354
 4.56115035134876
 4.55940299441607
 4.55761740792676
 4.55578091188032
 4.55390483456262
  4.5519748788547
 4.55000394151693
 4.54797601317867
 4.54590565137018
 4.54377503992158
 4.54160048892047
  4.5393622815282
 4.53707857160227
 4.53472764854218
 4.53232960054223
 4.52986063102795
  4.5273428523777
 4.52475029082197
 4.52210717197356
 4.51938525475391
 4.51661096618352
  4.5137537089891
 4.51084219881177
  4.5078433946548
 4.50478838693447
 4.50164160495835
 4.49843659856111
 4.49513518504622
 4.49177344594393
 4.48831056643678
 4.48478489793156
 4.48115394119488
  4.4774568015361
 4.47365058129143
 4.46977451151766
 4.46578554260835
 4.46172289291318
 4.45754347332441
 4.45328638815169
 4.44890861142884
 4.44444903553811
 4.43986479952751
 4.43519448711461
 4.43039550402894
 4.42550602970183
 4.42048383797027
 4.41536660959841
 4.41011258763425
 4.40475886117172
 4.39926424316305
 4.39366513954608
 4.38792103336782
 4.38206755758053
  4.3760649649178
 4.36994802731075
 4.36367786607352
 4.35728830600882
 4.35074143510555
 4.34407004698845
   4.337237293512
 4.33027485525358
 4.32314704411609
 4.31588434805348
 4.30845233408731
 4.30088022036744
 4.29313492288833
  4.2852443152983
 4.27717675510249
  4.2689586993048
 4.26056003804593
 4.25200574214882
 4.24326732401176
 4.23436820137595
  4.2252815969346
 4.21602931108567
 4.20658636319928
  4.1969728746821
 4.18716574625109
  4.1771833612282
 4.16700458459548
 4.15664600495567
  4.1460885327042
 4.13534690741172
 4.12440416427293
  4.1132731416517
 4.10193907720415
 4.09041285781595
 4.07868199961918
 4.06675538936043
 4.05462289613577
 4.04229135914509
 4.02975307358468
 4.01701278452335
 4.00406528528096
 3.99091318052126
 3.97755383291448
  3.9639876601481
 3.95021466508171
 3.93623303084106
  3.9220454714472
 3.90764788601886
 3.89304577150065
 3.87823269070118
 3.86321699686408
 3.84798986014543
 3.83256256610477
 3.81692383045817
 3.80108795102281
 3.78504112015794
 3.76880073340813
 3.75235038169474
 3.73571065129795
  3.7188624419717
 3.70182963381161
 3.68459033095805
  3.6671718236891
 3.64954929752843
 3.63175358670831
 3.61375681169783
 3.59559350718977
 3.57723255242971
 3.55871236879969
 3.53999838014809
 3.52113311979605
  3.5020782929306
 3.48288082166968
 3.46349836500599
 3.44398257969627
 3.42428666544544
 3.40446745301118
 3.38447315345788
 3.36436633998144
 3.34408954370201
 3.32371183085682
 3.30316912876211
 3.28253801154882
 3.26174653215464
 3.24088018388378
 3.21985733272159
 3.19877442207912
 3.17753741715114
 3.15625676036849
 3.13482167173766
 3.11336141382892
 3.09174078000419
 3.07011593414731
 3.04831122305872
  3.0265235375982
 3.00449030969609
 2.98245689530498
 2.95973181818496
 2.92235022689883
 2.89460591911571
 2.87203153856537
 2.84969888613871
 2.82776140513291
 2.80573479299275
 2.78389067299178
 2.76195425526039
 2.74014570830093
 2.71826370528085
 2.69648985545972
 2.67466226983621
 2.65293375151897
 2.63117357549788
 2.60950778840171
 2.58782965723703
 2.56624524494651
  2.5446656849977
 2.52318155574974
 2.50171782641765
 2.48035271779968
 2.45902222878218
 2.43779448165106
 2.41661446574666
 2.39554189015192
 2.37452920182964
 2.35362898843159
 2.33279997037873
 2.31208862717682
 2.29145901690888
 2.27095232185571
 2.25053718396006
 2.23025014876796
 2.21006382487153
 2.19001066752133
 2.17006673940237
 2.15026086393463
 2.13057212697818
 2.11102610968284
 2.09160455486722
  2.0723301362599
 2.05318693942581
 2.03419502153787
  2.0153405390226
  1.9966411876008
  1.9780849575185
 1.95968740876343
 1.94143815733416
 1.92335082882123
 1.90541648122786
  1.8876469866611
 1.87003468196382
 1.85258984941579
 1.83530595908825
 1.81819185238197
 1.80124200205991
  1.7844639449533
 1.76785303900768
 1.75141564184685
 1.73514789041316
 1.71905507892979
 1.70313402704407
 1.68738907298329
 1.67181763149411
 1.65642318477241
 1.64120366271774
 1.62616178482625
 1.61129592298419
 1.59660812136958
 1.58209712671301
 1.56776438988716
 1.55360897069358
 1.53963180384263
 1.52583220523283
 1.51221066611718
 1.49876670581843
 1.48550044077582
 1.47241154492751
 1.45949982481324
  1.4467650636557
 1.43420681957505
 1.42182494288359
 1.40961880159278
 1.39758827374137
  1.3857325926145
 1.37405162717425
 1.36254452865391
 1.35121112245214
 1.34005052792134
 1.32906249450716
 1.31824615753966
 1.30760116002106
 1.29712669898587
 1.28682228222194
 1.27668721223547
 1.26672083438531
 1.25692259862262
 1.24729166206992
  1.2378276624632
 1.22852954415219
 1.21939717152101
 1.21042925275561
  1.2016259164295
 1.19298561220419
 1.18450876921469
 1.17619355716102
 1.16804074109527
 1.16004819014402
 1.15221703976865
 1.14454483864414
 1.13703312642442
 1.12967911210391
 1.12248477276036
 1.11544695904916
  1.1085681183114
 1.10184472470261
  1.0952797284396
 1.08886920944762
  1.0826166533747
  1.0765177285538
 1.07057648873924
 1.06478817362131
 1.05915743804058
 1.05367907625526
  1.0483583776714
 1.04318967454054
  1.0381789250185
 1.03331998295168
  1.0286195103549
 1.02407086641464
  1.0196814532739
 1.01544411932297
 1.01136704451572
 1.00744255041227
 1.00367963414959
  1.0000700745209
0.996623727209269
0.993331812406393
0.990205088024832
 0.98723419994292
0.984430854674306
0.981785108233108
0.979309665199761
0.976993976390875
0.974686188982683