 0.0123889489322362
 0.0123928068652389
 0.0123957440985332
 0.0123967775332034
 0.0123959290070755
 0.0123932247734429
 0.0123886873252103
 0.0123823434635867
 0.0123742162703356
 0.0123643330205109
 0.0123527173208716
 0.0123393968494322
 0.0123243956764017
 0.0123077418149809
 0.0122894597395604
 0.0122695777337876
  0.012248120619204
 0.0122251168881238
 0.0122005916544072
 0.0121745735601416
 0.0121470879588322
   0.01211816358626
 0.0120878259850213
 0.0120561039312524
 0.0120230231081668
 0.0119886122815898
 0.0119528972289196
  0.011915906657605
 0.0118776663947987
 0.0118382050440403
 0.0117975484397704
 0.0117557250385512
 0.0117127606415692
 0.0116686835177389
 0.0116235193963374
 0.0115772963202923
 0.0115300399101641
 0.0114817779468208
 0.0114325359071088
 0.0113823412759663
 0.0113312193532998
 0.0112791972963861
 0.0112263001967003
 0.0111725548542026
 0.0111179861221415
 0.0110626204155202
 0.0110064823212241
 0.0109495978436135
 0.0108919912766961
 0.0108336881903974
 0.0107747125609169
 0.0107150895017899
 0.0106548426480246
 0.0105939966365879
 0.0105325747394244
 0.0104706010984756
 0.0104080986022239
 0.0103450908807928
 0.0102816004202423
 0.0102176503236942
 0.0101532626572271
 0.0100884599833327
  0.010023263931915
0.00995769651270781
0.00989177890457755
0.00982553255382107
0.00975897817469843
0.00969213664078718
0.00962502818943137
0.00955767311355247
0.00949009116249306
0.00942230204187708
 0.0093543250031496
0.00928617915924168
0.00921788325495953
 0.0091494558063435
0.00908091504394007
0.00901227888385104
0.00894356503582859
0.00887479081409112
0.00880597340211451
0.00873712951134599
0.00866827579452203
 0.0085994283604428
0.00853060332762794
0.00846181620332204
0.00839308256930307
0.00832441733327546
0.00825583553867048
0.00818735149654893
0.00811897971127763
0.00805073390100943
0.00798262803118407
0.00791467523158008
0.00784688892967059
0.00777928167215106
0.00771186635027998
0.00764465493367895
0.00757765977990393
0.00751089228819106
0.00744436428563492
0.00737808660841572
0.00731207055710613
0.00724632641276383
0.00718086495404688
0.00711569591539123
0.00705082955878532
0.00698627508107578
0.00692204223343432
0.00685813968464736
0.00679457668150106
0.00673136137471324
 0.0066685025136649
 0.0066060077414258
0.00654388531747242
0.00648214238804339
0.00642078673070308
0.00635982500604015
0.00629926451816289
0.00623911145352424
0.00617937265166813
0.00612005383672861
 0.0060611613929852
0.00600270059434269
0.00594467737949719
 0.0058870965844576
0.00582996371237192
0.00577328317390192
0.00571706004701059
0.00566129832974916
0.00560600268556045
0.00555117671278264
0.00549682467127928
0.00544294977308962
0.00538955588492559
0.00533664613831127
 0.0052842234337035
0.00523229084144581
0.00518085087966156
0.00512990628339625
0.00507945920273922
 0.0050295120483173
0.00498006661651769
0.00493112500456318
0.00488268866947893
0.00483475940621219
0.00478733834675098
 0.0047404269949883
0.00469402617216192
0.00464813710240391
 0.0046027603104287
0.00455789675195256
0.00451354666931201
0.00446971076118444
0.00442638900157195
0.00438358184350216
0.00434128900656419
0.00429951070951809
0.00425824643132026
0.00421749616781949
0.00417725917095992
0.00413753522499125
0.00409832336828814
0.00405962318475111
0.00402143351243322
0.00398375374605587
0.00394658253638702
0.00390991910004193
0.00387376191331266
 0.0038381100256674
0.00380296175148909
0.00376831598392766
0.00373417088776666
0.00370052521052033
 0.0036673769794117
0.00363472480684003
0.00360256659422263
0.00357090082918754
0.00353972529880448
0.00350903837608239
 0.0034788377448929
0.00344912167357209
0.00341988775362309
 0.0033911341584356
0.00336285839764332
0.00333505855918295
0.00330773208097719
0.00328087697475711
0.00325449061654288
0.00322857095084878
0.00320311530124209
0.00317812155373868
0.00315358698853564
0.00312950944158668
0.00310588615842691
0.00308271493309103
0.00305999298477887
0.00303771807344548
0.00301588739989435
0.00299449869752634
0.00297354915629397
0.00295303649024582
0.00293295788563006
0.00291331104401221
0.00289409315467947
0.00287530191324206
0.00285693451836233
0.00283898866587341
0.00282146156973823
0.00280435093183376
0.00278765398693545
0.00277136844842064
0.00275549157697348
  0.002740021102557
0.00272495431644286
0.00271028896988783
0.00269602238901129
0.00268215235068888
0.00266867621972882
0.00265559180256265
0.00264289650610938
0.00263058816990085
0.00261866424597027
0.00260712261009738
0.00259596076201546
0.00258517661649953
 0.0025747677231529
0.00256473203808999
0.00255506716254035
 0.0025457710958962
 0.0025368414923585
0.00252827639612802
0.00252007351531449
0.00251223094004898
0.00250474643288325
0.00249761813059069
0.00249084385029848
0.00248442177572432
0.00247834977830911
0.00247262608860719
0.00246724863172173
0.00246221568452724
0.00245752522475363
0.00245317557467184
0.00244916476322528
0.00244549115675234
0.00244215283362571
0.00243914820251963
0.00243647538908814
0.00243413284221042
0.00243211873231796
0.00243043154596836
0.00242906949551898
0.00242803110228823
0.00242731461736875
  0.002426918593536
0.00242684131709748
0.00242708136860151
0.00242763706572983
0.00242850701274519
0.00242968955455291
0.00243118331470433
0.00243298666087823
0.00243509823112878
0.00243751641116966
0.00244023984842026
0.00244326694161363
0.00244659634205375
0.00245022663502429
0.00245415611227569
0.00245838353681409
0.00246290719891178
 0.0024677258511411
0.00247283777639774
0.00247824171047569
0.00248393592227777
0.00248991912443796
0.00249618956502442
0.00250274592686481
0.00250958643014072
0.00251670972097439
 0.0025241139844146
0.00253179782273874
0.00253975937843845
0.00254799720257965
0.00255650938751119
0.00256529442550732
0.00257435035104433
0.00258367558982543
0.00259326811059793
0.00260312626453058
0.00261324794667674
0.00262363142553864
0.00263427451442075
0.00264517539087448
0.00265633177832929
0.00266774175496612
 0.0026794029461615
0.00269131332218853
0.00270347040216076
0.00271587203980662
0.00272851563975473
0.00274139893047137
  0.002754519193887
0.00276787402442728
 0.0027814605731408
0.00279527629159344
0.00280931819181927
0.00282358357368535
0.00283806930215137
0.00285277251654832
0.00286768992679657
0.00288281850287794
  0.002898154791826
 0.0029136955855074
0.00292943726036187
0.00294537642144564
0.00296150926706132
0.00297783220685466
0.00299434125363526
0.00301103261315864
0.00302790210559695
0.00304494572448181
0.00306215909043941
0.00307953797661639
0.00309707779744511
0.00311477409772603
0.00313262207933564
 0.0031506170509948
0.00316875399597338
0.00318702797943575
0.00320543376033154
0.00322396615307763
0.00324261968695313
 0.0032613889187525
0.00328026814312387
 0.0032992516527114
 0.0033183335029884
0.00333750771629941
0.00335676810484302
 0.0033761084149259
0.00339552221184329
0.00341500296056991
0.00343454397636825
0.00345413843806509
0.00347377940828804
0.00349345977541272
0.00351317234738554
0.00353290971837589
 0.0035526644401872
0.00357242880961199
0.00359219512146248
0.00361195537260511
 0.0036317016006556
0.00365142550066425
0.00367111885351758
0.00369077305125745
0.00371037961921098
0.00372992964595638
0.00374941440316394
0.00376882467627018
0.00378815148595442
0.00380738531565162
0.00382651693850999
0.00384553653796301
0.00386443464391269
0.00388320114269355
0.00390182632610273
0.00392029978722417
0.00393861158577941
 0.0039567510264402
0.00397470794380157
0.00399247135999646
 0.0040100308923944
0.00402737528754376
0.00404449395447377
0.00406137537223002
0.00407800875140344
0.00409438231279365
0.00411048507950487
 0.0041263050245709
0.00414183099564361
0.00415705072974361
0.00417195291222067
0.00418652505715752
0.00420075570190153
0.00421463215204623
0.00422814281241955
0.00424127479599971
0.00425401639179528
0.00426635453752088
0.00427827742431709
0.00428977183351786
0.00430082587763289
0.00431142620208404
0.00432156086130742
 0.0043312163869222
0.00434038079720325
0.00434904053377336
0.00435718360204848
0.00436507521754322