523.868571077182
523.869482306113
523.870213525971
523.870437066163
523.870292893561
523.869742152737
523.868792148388
523.867462452879
523.865733197147
523.863634230258
523.861140613271
523.858282468664
523.855034414174
523.851424832364
523.847428854723
523.843072778737
523.838332434387
 523.83323203112
 523.82774811842
523.821902879279
523.815673568013
523.809080409728
523.802101340237
523.794754690885
523.787019052754
523.778910921286
523.770409514974
523.761529545084
523.752250828282
523.742586337751
523.732516457749
523.722052464338
523.711175277393
523.699894512176
523.688191590711
523.676074499569
 523.66352512784
523.650549861717
523.637131020494
523.623273414884
523.608959755572
523.594193299623
523.578957108151
  523.5632529037
523.547064054468
523.530390765239
523.513216665342
523.495540456521
523.477345980419
523.458630448759
523.439377863545
523.419583958148
523.399232839549
523.378318773442
523.356825912661
523.334747065264
523.312066366743
523.288775177323
523.264857547545
523.240303399761
523.215096627148
523.189225724736
523.162674350737
523.135429584443
523.107474765866
523.078795571676
523.049374934356
523.019197143096
522.988244626938
522.956500305319
522.923946000796
 522.89056328394
522.856333260099
522.821236175648
522.785252299676
522.748360583503
 522.71054033194
522.671769235565
522.632025497199
522.591285586967
522.549526457541
522.506723405659
522.462851974431
522.417886341987
522.371800470311
522.324567482384
522.276159574442
522.226548887499
522.175705653365
522.123601115145
522.070203326421
522.015482728555
521.959404966871
 521.90193979058
521.843050189278
521.782705344504
521.720865323959
521.657498882415
521.592562879468
521.526025802142
521.457840994246
521.387976854004
521.316382878786
521.243027578827
521.167856249838
521.090837738866
521.011912758492
520.931050743596
520.848187414135
520.763293072514
520.676298006653
520.587173697435
520.495844529456
520.402283507073
520.306408606287
520.208194736963
520.107552925061
520.004460408199
519.898820682348
519.790613778734
519.679735042447
 519.56616781141
519.449798615418
519.330614663246
519.208492958761
519.083425200904
518.955278107882
518.824048547612
518.689592140817
518.551911667302
518.410850783059
518.266418992463
518.118447056344
517.966952115686
517.811750908001
517.652869963393
517.490111012328
517.323506756773
 517.15284938666
516.978174569374
516.799265854553
516.616161604818
516.428636842513
516.236732569154
516.040215369192
515.839128828723
515.633231221535
515.422568648619
515.206891246433
514.986247542708
514.760379760593
514.529338745684
514.292859087005
514.050993816058
513.803470226757
513.550343378854
513.291333674836
513.026498016511
512.755550388323
 512.47854931627
512.195202915037
511.905571081865
511.609356690239
511.306620716867
510.997061508424
510.680740786366
510.357353176507
510.026960762881
509.689255353871
509.344298961513
508.991781583776
508.631764668267
508.263937519474
507.888360464283
507.504723347112
507.113084747368
506.713136406119
506.304934450746
505.888174006174
505.462907957325
505.028836438213
504.586008206005
504.134130175097
503.673245984734
503.203071255654
502.723643402982
502.234688843768
501.736237534288
501.228028952119
500.710084217378
500.182158317975
499.644262002135
 499.09616841626
498.537876224532
497.969179592865
 497.39006319237
496.800345299009
496.199994461483
495.588856405238
494.966881179921
 494.33394557156
493.689978475543
493.034891648217
492.368589860494
491.691024079698
491.002071624228
490.301727282854
489.589837184993
488.866444968403
488.131361368235
487.384684373692
486.626184578977
485.856020373388
485.073916833991
484.280099433585
483.474241618443
482.656643373852
481.826919530496
480.985452900636
480.131791676004
479.266410874098
478.388782773536
477.499485268536
476.597903927029
475.684731783385
474.759255018523
473.822296056353
472.873026665045
 471.91241542066
470.939501668849
469.955420131153
468.959055863724
467.951733952687
466.932158211291
465.901873945638
464.859369909367
463.806449170751
 462.74134209453
461.666157809545
 460.57881135143
459.481781718699
458.372591435651
457.254176356807
456.123557722978
454.984251367845
453.832616005404
452.672929847657
451.500632974682
 450.32105148252
449.128256646447
447.929097541656
446.715341664819
445.496170188517
444.258341765123
443.013825064456
441.724485595861
439.574803995608
437.954807253678
436.629771970579
435.312750650274
434.012971081983
432.701795946095
431.395347099489
430.077156501533
428.760380506684
427.432812637736
426.105393794228
 424.76820183957
423.430522402867
422.084258172581
420.737137799593
 419.38247970543
418.026848835509
416.664624152205
415.301467984939
413.932586319475
412.562920166023
411.188340111235
409.813196659621
408.433907057362
407.054328742749
 405.67133701765
404.288370800133
402.902695011676
 401.51738839625
400.130051395388
398.743449156176
397.355474018632
395.968615366361
394.581021655485
393.194937716925
391.808738324114
390.424449865876
389.040648281343
387.659163642776
386.278751567921
384.901064784624
 383.52502003091
382.152109139109
380.781393778075
 379.41421929454
378.049778035465
 376.68928160974
375.332040388555
373.979143625084
372.630008392424
371.285611840217
369.945467539055
368.610449846273
367.280159571018
365.955376801351
364.635781131115
363.322066238305
362.013982737435
360.712145193703
 359.41636807282
358.127193646489
356.844493577334
 355.56874425445
354.299868331796
 353.03828237622
351.783954220071
350.537246366199
349.298166357506
348.067028129624
346.843873772745
345.628973924875
344.422400330096
343.224385400221
342.035025879794
340.854520852391
339.682987623712
338.520596694687
337.367481684495
336.223789122804
335.089664866625
333.965235967206
332.850656598555
 331.74603872149
330.651541045842
329.567264737131
328.493369386081
 327.42994957584
326.377162237417
325.335099511841
324.303912233478
323.283694177482
322.274586738768
 321.27668934682
320.290130699797
319.315019853095
318.351469628516
317.399602637369
316.459512716124
315.531339927177
314.615156076801
313.711122545424
312.819286122421
311.939833351516
311.072783071158
310.218350818471
309.376524594559
308.547552751547
307.731389609641
  306.9283201559
306.138262224588
305.361541263003
304.598035848861
303.848115727761
303.111617480905
302.388959010763
301.679932189172
300.985006962763
300.303927805043
 299.63722063155
298.984579849405
298.346591314547
297.722896717863
297.114145883987
296.519925153586
295.940952415872
295.376756041058
294.828126158016
294.294530558419
293.776835877793
293.274446732098
 292.78831063618
292.317766443255
291.863847040834
 291.42582294236
291.004817038583
290.600028936794
290.212676316953
289.841885325742
289.488973393578
289.152990666418
288.835359484072
288.535051469669
288.253599253552
287.989893436799
287.726365692343