52.0100156192959
 51.992233025204
51.9780196120996
51.9738491230417
51.9769609066386
51.9881197991194
52.0071776187627
52.0337384069669
52.0681836003559
52.1099083836552
52.1593872433379
52.2160047849459
52.2802372498178
52.3514989209753
 52.430248979452
52.5159385611442
52.6090062043198
52.7089402062856
52.8161580938313
52.9301842617621
53.0514155460241
53.1794111481903
53.3145476922822
53.4564179027524
53.6053787164068
53.7610551464961
53.9237849886943
54.0932243642532
54.2696924895112
 54.452875461823
54.6430744942342
54.8400045715139
55.0439494933578
55.2546520808049
55.4723793241426
55.6969008616717
55.9284674925996
56.1668746804815
56.4123576667697
56.6647367703788
56.9242323241359
57.1906885498514
57.4643115376539
57.7449684727165
58.0328518863372
58.3278509960966
58.6301454775686
58.9396456541351
59.2565190694196
 59.580696226218
59.9123332822004
60.2513799893545
 60.597981889292
60.9521070451363
61.3138911780214
61.6833197123633
62.0605193719724
62.4454919769916
62.8383561066348
63.2391289915544
63.6479219507585
64.0647666166117
 64.489767966163
64.9229709971578
65.3644752990714
65.8143381671869
66.2726547963068
66.7394936758759
67.2149466399084
67.6990922290313
68.1920199938978
68.6938173396084
69.2045726570715
69.7243809812291
70.2533307157856
70.7915232387061
71.3390481907817
 71.896011949654
72.4625066721502
73.0386423312895
73.6245149365432
74.2202365865468
74.8259085407643
75.4416434836263
76.0675493858475
76.7037379030823
77.3503252457173
78.0074203465262
78.6751492544878
 79.353616400986
80.0429593464275
80.7432761529253
81.4547176425666
82.1773735458866
82.9114097778985
83.6569056756852
84.4140441630818
85.1828920170522
85.9636511745287
86.7563735755949
87.5612822667434
 88.378411958948
89.2080090007879
90.0500883609893
90.9049219827578
 91.772502453027
92.6531297061979
93.5467711759159
94.4537572924598
95.3740274271528
96.3079451230984
97.2554186371109
98.2168473585436
99.1921052287296
100.181630337455
101.185258955173
102.203470851387
 103.23606111021
104.283554289662
105.345700606368
106.423072649659
107.515371916246
108.623222408111
109.746272872784
110.885202249424
112.039602324759
 113.21021064755
114.396557644285
115.599443298522
116.818332083587
118.054090402066
119.306111975337
120.575333811267
121.861073662428
123.164344631758
124.484376772498
125.822263323038
127.177176213851
128.550239805532
 129.94059628212
131.349391469108
132.775741176245
134.220809822508
135.683688430205
 137.16555750775
138.665484851979
140.184664444879
141.722142527846
143.279123791322
144.854634713878
146.449887774345
148.063891610023
149.697863409783
151.350796026116
153.023908118341
154.716178951601
156.428825252046
158.160815042238
 159.91335954493
161.685418038686
163.478192503583
165.290636133368
167.123937754756
168.977047303562
170.851136368728
172.745154630199
174.660252178656
 176.59538162333
178.551667117596
180.528067576658
182.525676596247
184.543462974856
186.582484945815
188.641724978697
190.722200951563
 192.82291301412
194.944833503727
197.086984492406
199.250287393363
201.433790689452
203.638359281505
205.863072812849
208.108733870561
210.374458285906
212.660980307254
214.967457278073
217.294548846577
219.641459511213
222.008767806112
224.395731370985
226.802840839757
229.229413352132
231.675844559256
  234.1415178657
236.626726531078
239.130927435257
241.654303675011
244.196393307845
246.757261089427
249.336534503907
251.934151326457
 254.54983732859
257.183394138423
259.834655364843
262.503276714644
265.189209966489
267.891954425481
270.611591267131
273.347452087951
276.099759718318
278.867665764811
281.651548168071
284.450365106554
287.264664488686
290.093196243622
292.936694761047
295.793685234466
298.665107021692
301.549242074311
304.447255579301
307.357165270161
310.280385909711
  313.2146469907
316.161640144616
319.118778806775
322.088063180825
325.066558051841
328.056609458468
331.054894856663
334.064150494805
337.080619957274
340.107483328528
 343.14049345574
346.183340153147
349.231214861593
352.288399648835
355.349435024153
 358.41930097028
361.491771127611
 364.57266226303
 367.65482710234
 370.74510756877
373.835224467932
376.933310642573
380.029655154717
383.134076237699
386.234985696365
389.344514514746
392.448498318111
395.562484873416
398.668568762678
401.788009718339
404.897175527738
408.029682722675
411.155055624663
414.368128466862
419.670495940017
423.622502244537
426.827745511959
  429.9899285554
433.088078042094
436.191095088925
439.261125724018
442.337153163764
445.388669967928
448.444175748251
451.478663361013
454.515009076823
 457.53230068597
460.548997949732
463.547962940462
466.544269022605
 469.52358513246
472.498469605951
475.456755806206
478.409059207736
481.344931308048
484.273442028045
487.185538837034
490.089033963417
492.976030781291
495.853299466096
498.713915580031
501.563773207933
504.396776294234
507.218073458199
510.022282251628
512.813910607614
515.588196515861
518.349092650814
521.092380671003
523.821528636546
526.532797771769
529.229230675882
531.907513967646
534.570314870303
537.214699118789
 539.84300139211
542.452626611897
545.045613873882
 547.61967251897
550.176578217957
552.714314201979
555.234420908586
557.735128441216
560.217766891236
562.680789148908
565.125337071619
567.550064718654
569.955945478844
572.341815053765
574.708496131291
577.054988312064
579.381979639527
 581.68861740058
  583.9754695771
586.241816250195
588.488118647284
590.713775897549
592.919154671344
595.103760399014
597.267876421642
599.411102599237
601.533649320744
603.635199774661
605.715901025714
607.775509170308
609.814116914663
611.831543446079
613.827835490717
615.802866046824
617.756643716537
619.689086508404
621.600172290538
623.489855709975
   625.358090874
627.204861080769
629.030103276255
630.833821767539
632.615942603116
634.376483766946
636.115366371758
637.832615025074
 639.52815159323
641.202000504246
642.854089821663
 644.48443721524
646.092982167313
647.679729211022
649.244634268402
650.787682535824
652.308851214497
653.808100121295
655.285432412111
656.740776619336
658.174166380914
659.585493158665
660.974825466286
662.342012009739
663.687160451787
665.010071140335
666.310895052283
667.589378640965
668.845720265474
670.079606996488
671.291288556677
672.480387177079
673.647207848241
674.791302518167
675.913035281327
 677.01188235501
678.088270713551
679.141595373175
680.172349911479
681.179842631615
682.164637392132
683.125950209429
684.064418861199
684.979161420923
685.870893189812
686.738628537573
687.583163864165
688.403403946223
689.200229832748
 689.97243066439
690.720975667804
691.444532123623
692.144160945199
692.818401118178
693.468408733182
694.092587802624
694.692193066551
695.265486607003
695.813825265028
696.335321916444
696.831438930742
697.300132339792
 697.74297343919
698.157753367988
698.546155706531
698.934046567637