1.239087789873756160e-02
1.239463923557573843e-02
1.239638238805519134e-02
1.239597113225853441e-02
1.239359062938001459e-02
1.238911449824920200e-02
1.238271964224119462e-02
1.237428928432216836e-02
1.236399214699505228e-02
1.235172079966604525e-02
1.233763588586246282e-02
1.232163904667761371e-02
1.230388297137848495e-02
1.228427808287493699e-02
1.226296926166817181e-02
1.223987540934646547e-02
1.221513376196861449e-02
1.218867138515882659e-02
1.216061805182226847e-02
1.213090866715114263e-02
1.209966573737254920e-02
1.206683167454955345e-02
1.203252192819770014e-02
1.199668607784073679e-02
1.195943273812489181e-02
1.192071831134908222e-02
1.188064480947160877e-02
1.183917510896738412e-02
1.179640486016721689e-02
1.175230306249653960e-02
1.170695925321272104e-02
1.166034820205519469e-02
1.161255358794261588e-02
1.156355559802582991e-02
1.151343231255783951e-02
1.146216898400911725e-02
1.140983835740469118e-02
1.135643040026407431e-02
1.130201278847972092e-02
1.124657985711685800e-02
1.119019448064635484e-02
1.113285501782660183e-02
1.107461981005436469e-02
1.101549090040227462e-02
1.095552236525884800e-02
1.089471959786977515e-02
1.083313267654084817e-02
1.077077001649433437e-02
1.070767796293720792e-02
1.064386763146841705e-02
1.057938189649282323e-02
1.051423425958110391e-02
1.044846438325382036e-02
1.038208784839016879e-02
1.031514136052587641e-02
1.024764228142384728e-02
1.017962460992712960e-02
1.011110719894443843e-02
1.004212158577082181e-02
9.972687833811725439e-03
9.902835258318243988e-03
9.832584861989360214e-03
9.761963971448069793e-03
9.690994267243157809e-03
9.619701314293471056e-03
9.548107219585445435e-03
9.476236006404280612e-03
9.404109967025368541e-03
9.331751795996504062e-03
9.259183740190307307e-03
9.186427370857378275e-03
9.113504669389200022e-03
9.040436281479350897e-03
8.967243713694113966e-03
8.893946876002057148e-03
8.820566601621594727e-03
8.747122246546723545e-03
8.673633783001233333e-03
8.600120186533050451e-03
8.526600391624006292e-03
8.453093158573928359e-03
8.379616218268683830e-03
8.306188272549076129e-03
8.232825693710005277e-03
8.159547273463942096e-03
8.086367881317732889e-03
8.013306538705860724e-03
7.940376478861350604e-03
7.867597084314859393e-03
7.794979829140492866e-03
7.722544579892089665e-03
7.650300939066858631e-03
7.578269371774210700e-03
7.506457506828652197e-03
7.434886514107692107e-03
7.363561956774237333e-03
7.292505807462401103e-03
7.221721481657185013e-03
7.151231844629321426e-03
7.081038091890233706e-03
7.011164063252826005e-03
6.941608671461307715e-03
6.872396804953342063e-03
6.803525040170272861e-03
6.735019380601727293e-03
6.666874021850356311e-03
6.599116141412258128e-03
6.531737518243964369e-03
6.464766555526499196e-03
6.398192588207890844e-03
6.332045289765889790e-03
6.266311531928469257e-03
6.201022296236420421e-03
6.136161979832759419e-03
6.071762903474076448e-03
6.007806985887261669e-03
5.944327911825460740e-03
5.881305124981261317e-03
5.818773692763312168e-03
5.756710594097195870e-03
5.695152291842187769e-03
5.634073316976228978e-03
5.573511535005104198e-03
5.513439051992342910e-03
5.453895137957361083e-03
5.394849502954120364e-03
5.336342818329308825e-03
5.278342432558548979e-03
5.220890410355250380e-03
5.163951778226900415e-03
5.107569981801278469e-03
5.051707770058143886e-03
4.996409952880170868e-03
4.941637051510333785e-03
4.887435216897090436e-03
4.833763461954848108e-03
4.780667262375313913e-03
4.728106180764024558e-03
4.676124296416572096e-03
4.624681818904787141e-03
4.573821369056313771e-03
4.523503892826721308e-03
4.473770498379416906e-03
4.424582949873290955e-03
4.375980796167596928e-03
4.327926694112180228e-03
4.280458593855116130e-03
4.233540112364088566e-03
4.187207568574922469e-03
4.141425600214888002e-03
4.096228869082870275e-03
4.051583087801497937e-03
4.007521241353111108e-03
3.964010165167362008e-03
3.921081153643249037e-03
3.878702206988851337e-03
3.836902920833402258e-03
3.795652496479499059e-03
3.754978827848701010e-03
3.714852348284320045e-03
3.675299251980330625e-03
3.636291230182106277e-03
3.597852783925659537e-03
3.559956883418977699e-03
3.522626347373546650e-03
3.485835441502016432e-03
3.449605316966315293e-03
3.413911547287253653e-03
3.378773634475484584e-03
3.344168468201839071e-03
3.310113923033739664e-03
3.276588209445590628e-03
3.243607599271194648e-03
3.211151625022803241e-03
3.179234983209416627e-03
3.147838526460452081e-03
3.116975405772236685e-03
3.086627789074631797e-03
3.056807313777818325e-03
3.027497455652409554e-03
2.998708372281952764e-03
2.970424837421860309e-03
2.942655564148067854e-03
2.915386612188463396e-03
2.888625286724899165e-03
2.862358919521583184e-03
2.836593445518243491e-03
2.811317452880252640e-03
2.786535544748781380e-03
2.762237548572908739e-03
2.738426774693352404e-03
2.715094271451283254e-03
2.692242095712614556e-03
2.669862497244108145e-03
2.647956318873502610e-03
2.626516991441793427e-03
2.605544183080379418e-03
2.585032484648724926e-03
2.564980428634240205e-03
2.545383744325329257e-03
2.526239867144913602e-03
2.507545642847515150e-03
2.489297447726533056e-03
2.471493221816627953e-03
2.454128319412233073e-03
2.437201752558519792e-03
2.420707889729341224e-03
2.404646792755830466e-03
2.389011879381962560e-03
2.373804239163064978e-03
2.359016372993223351e-03
2.344650376359568283e-03
2.330697865865071980e-03
2.317161921500933593e-03
2.304033306718854344e-03
2.291316065034929537e-03
2.279000136385546296e-03
2.267090507353488466e-03
2.255576322419866869e-03
2.244463491357785116e-03
2.233740389618101788e-03
2.223413830918954774e-03
2.213471446424865666e-03
2.203920935222448800e-03
2.194749207219587588e-03
2.185964828989560033e-03
2.177554010478965733e-03
2.169526168575100673e-03
2.161866832817117487e-03
2.154586253945730764e-03
2.147669298910674478e-03
2.141127036548918453e-03
2.134943687321521136e-03
2.129131123087997946e-03
2.123672932235411322e-03
2.118581775224293202e-03
2.113840621140138532e-03
2.109462905232751921e-03
2.105430988472463318e-03
2.101759067643031720e-03
2.098428905268485880e-03
2.095455446903473837e-03
2.092819864857611411e-03
2.090537841110885753e-03
2.088589964645791702e-03
2.086992641854533686e-03
2.085725884039181782e-03
2.084806810228263634e-03
2.084214858564860298e-03
2.083967849070132716e-03
2.084044650250734074e-03
2.084463771494428179e-03
2.085203514332258957e-03
2.086283065786460889e-03
2.087680162359082086e-03
2.089414656735981944e-03
2.091463721780215893e-03
2.093847863490583099e-03
2.096543692091819809e-03
2.099572354015919948e-03
2.102909897637189433e-03
2.106578096255090713e-03
2.110552437154011689e-03
2.114855306084997312e-03
2.119461630169462620e-03
2.124394392173000173e-03
2.129627960349178908e-03
2.135185897842660843e-03
2.141042386735592020e-03
2.147220440062885469e-03
2.153695163746439326e-03
2.160488645680236179e-03
2.167576898226771225e-03
2.174981085019687781e-03
2.182678106818275541e-03
2.190688202984598411e-03
2.198989145363330032e-03
2.207600247792147578e-03
2.216500136508683418e-03
2.225707197485975869e-03
2.235200895159397683e-03
2.244998684373279620e-03
2.255080851933009833e-03
2.265463917539062202e-03
2.276128974769422823e-03
2.287091603595779905e-03
2.298333688857444670e-03
2.309869865832066185e-03
2.321682795044481031e-03
2.333786161929748710e-03
2.346163386901293623e-03
2.358827200423828548e-03
2.371761766619269376e-03
2.384978856085602419e-03
2.398463359923131647e-03
2.412226084414603733e-03
2.426252630187508350e-03
2.440552835430497263e-03
2.455112991951251787e-03
2.469941966961597402e-03
2.485026724028933584e-03
2.500375157632120891e-03
2.515974882424362128e-03
2.531832819755827375e-03
2.547937213256547956e-03
2.564294012349137286e-03
2.580892065913933595e-03
2.597736354482360795e-03
2.614816306658290616e-03
2.632135939193102053e-03
2.649685232905098567e-03
2.667467248191468868e-03
2.685472488412764171e-03
2.703703067592112472e-03
2.722149979618492324e-03
2.740814404913720446e-03
2.759687793364146331e-03
2.778770407591966540e-03
2.798054116260883205e-03
2.817538283257517776e-03
2.837215155946889653e-03
2.857083222036081640e-03
2.877135064497971049e-03
2.897368321133079322e-03
2.917775864256318477e-03
2.938354511970904699e-03
2.959097376348175656e-03
2.980000490152336697e-03
3.001057152166699930e-03
3.022262648529047257e-03
3.043610408101750289e-03
3.065095013659735121e-03
3.086709963803848777e-03
3.108449185947847505e-03
3.130306184275036870e-03
3.152274283754358600e-03
3.174346926084856569e-03
3.196516891786570311e-03
3.218777488015161191e-03
3.241121014069374591e-03
3.263540566442961217e-03
3.286028031810930491e-03
3.308576215775975785e-03
3.331176666480176532e-03
3.353821814261112415e-03
3.376502948419106680e-03
3.399212035491496874e-03
3.421940191318203518e-03
3.444678825943256993e-03
3.467418972888951581e-03
3.490151388878674852e-03
3.512867122072803501e-03
3.535556174957878942e-03
3.558209713131505782e-03
3.580816879906692334e-03
3.603369066969097732e-03
3.625854449593769301e-03
3.648264760041533203e-03
3.670587092875606406e-03
3.692813641215192573e-03
3.714930302573579007e-03
3.736929856941175517e-03
3.758796884952542248e-03
3.780524885117693065e-03
3.802096998076118749e-03
3.823507578018379115e-03
3.844738199419226246e-03
3.865784214669844114e-03
3.886625503123916116e-03
3.907258563067255407e-03
3.927661447290068525e-03
3.947831952622253386e-03
3.967746171698011137e-03
3.987403357242974393e-03
4.006777506365550613e-03
4.025869489451491118e-03
4.044651071347494554e-03
4.063124905949348949e-03
4.081260388191137838e-03
4.099062125047556182e-03
4.116497003466742730e-03
4.133571756382699476e-03
4.150250624797484009e-03
4.166542643346457346e-03
4.182409269818871018e-03
4.197862018661191637e-03
4.212859428503109085e-03
4.227415673539906132e-03
4.241486239289352263e-03
4.255088140874187935e-03
4.268173679466339202e-03
4.280762892899411115e-03
4.292804770259309351e-03
4.304322553791816407e-03
4.315261797078697240e-03
4.325649127657704707e-03
4.335426545393462026e-03
4.344624242380347619e-03
4.353180552697523062e-03
4.361129409795852681e-03
