1456624.94437324
1456622.40153683
1456656.34898286
1456674.58520156
 1456691.5908698
1456710.59684882
1456720.36411501
 1456735.7416668
1456740.53574416
1456751.38042953
1456751.77620801
1456757.95385433
1456754.13014302
1456755.66494246
1456747.69678584
 1456744.6344142
1456732.55972315
1456724.93727124
1456708.77250798
1456696.61233969
 1456676.3566179
1456659.66550357
1456635.30197778
1456614.07131543
1456585.56786678
1456559.77405863
1456527.08373667
1456496.68851928
 1456459.7498505
1456424.70053995
1456383.43773389
1456343.66738313
1456297.99044846
1456253.41792063
1456203.22269836
1456153.75266127
1456098.92078028
1456044.44362617
1455984.84238552
1455925.23408007
1455860.71626151
1455795.83812486
1455726.24173837
1455655.94016091
1455581.08812563
1455505.19422021
1455424.89398244
1455343.22317475
1455257.26626444
1455169.61782245
1455077.77934914
1454983.93585245
1454885.97394131
 1454785.7006908
1454681.35585907
1454574.40022708
1454463.39470111
1454349.48542202
1454231.52239478
1454110.36879583
1453985.13162458
1453856.42279654
1453723.57414027
1453586.97804745
1453446.15894361
1453301.32147249
1453152.15035239
1452998.69429842
1452840.76594064
1452678.28993236
1452511.17435353
1452339.25171344
1452162.49299581
1451980.67053721
1451793.78559241
1451601.58235188
1451404.05962039
1451200.96552526
1450992.26361129
1450777.73808197
1450557.28432365
1450330.75481063
1450097.94378551
1449858.80424133
1449612.99620759
1449360.60549418
1449101.12476827
1448834.80500055
1448560.93827231
1448279.97309926
1447990.96768605
1447694.60051106
1447389.66255291
1447077.09469561
1446755.38729413
1446425.77609669
1446086.41740085
1445738.87428229
1445380.93552519
 1445014.5239881
 1444637.0274796
1444250.76107453
 1443852.6781553
1443445.51840897
 1443025.7673729
1442596.62168746
1442154.06568007
1441701.78521185
 1441235.2301138
1440758.60764108
1440266.79994701
 1439764.5677377
 1439246.1924421
1438717.02013392
1438170.69863709
 1437613.1911439
1437037.47919282
1436450.17465283
1435843.56033326
1435224.92811634
1434585.82991428
 1433934.2687074
1433261.03366007
1432574.86965197
1431865.77160995
1431143.25679788
1430396.49482267
1429635.80546607
1428849.50238951
1428048.73763375
1427220.93882732
1426378.11942468
1425506.79233767
1424619.85671533
1423702.90564633
1422769.62645782
 1421805.0310947
1420823.06104262
1419808.59689391
1418775.61281755
1417708.94577645
1416622.55315596
1415501.26738146
1414358.99342706
1413180.59449841
1411979.88881284
1410741.80537643
1409480.04167218
1408179.62746249
1406854.10586762
1405488.64228574
1404096.59224394
1402663.29154774
1401201.87535355
1399697.88450358
1398164.20151538
1396586.60671912
1394977.69829168
1393323.53028698
1391636.38546303
1389902.62557956
1388134.18757762
 1386317.7746119
1384464.94814395
1382562.78607993
1380622.44552838
1378631.41213081
1376600.41060885
1374517.36691119
1372392.54622499
1370214.34692701
1367992.54845073
1365716.05323362
1363394.12970071
1361016.21545909
1358591.04366402
1356108.61764491
1353577.11203994
1350987.12586837
1348346.25302893
  1345645.717589
1342892.51150992
1340078.51263783
1337210.09081006
1334279.80574342
1331293.38594801
1328244.10046221
1325137.01820487
1321966.14435406
1318735.87084969
1315440.96521585
1312085.12581849
1308663.90815853
 1305180.3011183
1301630.67328538
1298017.28870037
 1294337.3537028
1290592.39252073
1286780.47356928
1282902.36648173
1278957.02586523
1274944.45192577
1270864.50954493
1266716.41433298
1262500.96571436
1258216.57885813
1253865.01246402
1249443.86432971
1244955.87797629
1240397.81532604
1235773.43152082
1231078.63193976
1226318.21195175
1221487.19684399
 1216591.4533254
1211625.09928042
1206595.10726792
1201494.65560181
1196331.86173893
1191098.92601852
1185805.15585934
1180441.72722009
1175019.19049866
1169527.64056676
 1163978.9343482
1158362.01556954
1152690.12524094
1146950.96839669
1141159.26651176
1135301.37514864
1129393.61821961
1123420.85961594
1117401.18306427
1111317.77513677
1105190.68680228
1099001.17991938
1092771.55284944
1086480.80459204
1080153.87042558
1073767.00927653
1067348.35471545
1060870.72368539
 1054366.2950668
1047803.35286687
1041219.47965835
1034576.59510879
1027920.05724518
1021201.97011452
 1014480.1641926
1007689.00311189
1000910.16028961
994031.588672703
987191.025937903
973005.109146504
965993.800082407
959028.304608546
952165.512429879
945254.156487611
938383.215093796
931467.993190839
924578.229991771
917651.977210417
910746.132303362
903810.885131719
896894.578277286
 889955.13052214
883034.835988179
876097.028985991
869179.010614389
862249.609147002
855340.788023814
848426.129329863
841533.355509384
834639.838245944
 827769.84415407
820903.835770923
814063.204558939
807230.980254686
800426.121068279
 793633.82037845
786870.947669869
 780124.54164739
 773409.65734362
766714.922725292
760053.800746847
753416.299150296
746814.472060317
740239.533093759
733702.280775347
 727194.98838585
720727.328690617
714292.510318638
 707899.19164138
701541.409884001
695226.905615489
 688950.45217652
682718.956977257
 676527.84872477
670383.276551242
 664281.25352647
 658227.23733012
652217.762564277
 646257.65557318
640343.916575223
634480.795059708
628665.706841482
622902.374258015
617188.583765061
611527.576167603
605917.467985516
600361.060590298
594856.763798167
589406.978586262
584010.374631153
578668.988873265
573381.720342681
568150.275932052
 562973.75610529
557853.569587503
552788.992651438
547781.165843674
 542829.51766401
537934.948761386
533097.018106482
528316.413178639
523592.803299666
518926.688087222
514317.828565529
509766.560492855
505272.719272883
500836.499600833
496457.795134494
492136.681184238
487873.094620641
483667.012007415
479518.399369488
475427.154192527
471393.258489991
467416.549432841
463497.012668775
459634.442971441
455828.818007038
  452079.9072789
448387.669528553
444751.865378174
441172.424314165
 437649.11377907
434181.824231876
430770.344997969
427414.518245063
424114.169652147
420869.084294533
417679.138130351
414544.050762115
411463.761853496
408437.917535864
405466.534151617
402549.176708815
399685.950794481
396876.332954206
 394120.53022467
391417.923631949
388768.833553404
386172.538691983
383629.484390518
381138.840451887
378701.188591651
376315.583337441
373982.754017367
371701.633687311
369473.110411883
 367295.98973578
365171.329521507
 363097.80190044
361076.645587612
359106.393518153
357188.476365401
355321.282187697
353506.444834702
351742.201895525
350030.401791148
348369.126123985
346760.449526471
345202.292161319
343696.966831303
342242.226862626
340840.635584261
339489.774139565
338192.469221946
336946.124494042
335753.843426321
334612.846951953
333526.529406407
332491.923800222
331512.730208756
330585.788592935
329715.120551578
 328897.36795206
 328136.89074636
327430.127773648
326725.736234335