 570151.46866113
 570151.61709179
570165.802759763
570173.145780924
570179.513352777
570186.109264711
570188.549546907
570192.669619395
570192.105589648
570193.407816094
570190.084462708
570188.529091957
570182.529238041
570178.135333283
570169.496333664
570162.287493508
570151.027997461
570141.020582774
570127.146967582
570114.347824156
570097.855981502
570082.262233102
570063.138246421
 570044.73749338
570022.958008484
   570001.728563
569977.261037602
569953.172117705
569925.974995951
569898.986864674
569869.009690826
569839.073741048
569806.257218691
569773.316006622
569737.592007542
 569701.57923801
 569662.87076392
569623.711230164
569581.932329925
569539.541810224
569494.597454689
569448.882567738
569400.668483993
569351.526504566
569299.928971023
569247.247607192
569192.143210636
569135.800343525
 569077.05569905
569016.919085881
568954.390520363
568890.317461347
568823.850660965
568755.687630436
568685.117252568
568612.699494607
568537.848744305
568460.999832978
568381.680004138
  568300.2113684
568216.221349628
568129.931762858
568041.057508001
567949.732542095
567855.746505366
567759.157949281
567659.818484884
567557.723727543
567452.774453715
567344.915831188
567234.084958622
567120.189065552
567003.188690212
566882.965655527
566759.491015948
566632.633742997
566502.362442298
 566368.54581368
566231.137006628
566090.017054134
565945.110599804
565796.323640098
565643.539220849
565486.700957721
565325.637165489
565160.341759788
564990.575150946
  564816.3942596
564637.478379985
564453.960165861
564265.424547912
564072.092662665
563873.441797047
563669.794339533
563460.506624093
563246.015077424
563025.541746808
562799.649897667
562567.413937535
562329.536781962
562084.931832351
561834.454472875
561576.843725935
561313.120265651
561041.835363747
560764.187803695
560478.527744662
560186.244891736
559885.474948971
559577.811342472
559261.162008436
558937.336874356
558604.002837118
558263.199080274
557912.338243732
557553.701488957
557184.434048509
556807.071743242
556418.479329846
556021.459921657
555612.584828415
555194.937032245
554764.781538896
554325.493710026
553873.019522013
553411.039152093
552935.166972145
552449.400326815
 551949.00957858
551438.321495106
550912.250226771
550375.464054548
549822.509242777
549258.405905379
548677.329598675
548084.616982123
547474.202727413
 546851.52891796
546210.471990966
545556.488926812
544883.433774597
544196.758934222
543490.311873418
542769.526679351
542028.258544871
541271.910064724
540494.358406496
539700.961666556
538885.633281208
538053.674007895
537199.047889364
536326.985688356
535431.516426687
534517.788422917
533579.910075168
532622.935036281
531641.065491209
  530639.2484549
 529611.79431065
528563.531733556
527488.893704471
526392.579146905
525269.158011928
524123.188368699
522949.391469482
521752.173752425
520526.422044278
519276.380716692
517997.116369814
516692.701227049
515358.395769142
513998.090352799
 512607.25333714
511189.583863054
509740.772038493
508264.316810684
506756.143761774
505219.543036064
503650.689252876
502052.655504917
500421.878832925
498761.207376049
497067.353787077
495342.933675824
493584.948291441
 491795.77343699
 489972.71172618
488117.892140287
486228.931203783
484307.704278556
 482352.15412319
480363.895845118
478341.210543086
476285.446531575
474195.235151844
472071.651405188
469913.688597662
467722.141823216
465496.377930946
463236.905331392
460943.475902292
458616.304286646
456255.538854092
453861.092940511
451433.522942086
448972.432719961
 446478.79842561
 443951.90544682
441393.161772062
438801.524245788
436178.845332382
433523.741904556
430838.524360424
428121.456467576
 425375.32116977
422598.013867533
419792.806246812
 416957.20742545
414094.996168486
411203.274080707
408286.348206502
 405340.88724585
 402371.75153646
399375.146216182
396356.515009202
 393311.56209935
390246.351481562
387156.040262366
384047.358742565
380914.859317584
377765.997105693
374594.646675908
371409.063762513
368202.350665723
364983.663996096
361745.209108724
358497.179309203
355230.713961612
351957.232370802
348666.570925024
345371.648260473
342060.651071947
338748.410295274
335420.926236091
332095.605015907
328755.362258513
  325421.3373133
322071.671698905
318733.532000375
315376.411227713
  312039.0571441
308668.306764788
305330.227848908
298416.393201981
295020.353582039
291662.757145345
288370.503367886
285070.847964707
281806.292253951
 278536.61947751
275294.862058383
272051.922101672
268834.489061804
265619.400404352
262429.098031407
259244.199538989
 256084.12540882
252932.141965608
249805.184498008
246689.149750905
243598.377275963
240521.013519436
237469.340245534
234433.282407409
231423.449759928
228431.204618877
225465.770656672
222519.692271532
219601.025201893
216703.299631878
213833.573935568
210986.209724564
208167.404220716
205372.226791977
202606.124302577
199864.773214314
197152.961625942
194466.890047097
191810.764625635
189181.240608749
186582.007446614
184010.116695493
181468.797179915
178955.447079348
176472.883273189
174018.807989892
171595.668817408
169201.435307901
166838.223438555
164504.238217678
162201.297542449
159927.814079508
157685.337676481
155472.464296686
153290.502786043
151138.210964249
 149016.68115714
146924.814099564
144863.507850557
142831.789268538
140830.382447252
138858.425435364
136916.486939423
135003.802878474
133120.803616758
131266.811030345
129442.132812688
127646.166114031
125879.110390761
124140.428464425
122430.224866339
120748.019437146
119093.834073671
117467.237822474
115868.181302603
114296.275695667
112751.410842917
111233.233648309
109741.582887164
108276.135357806
106836.687754982
105422.941463816
104034.659413119
102671.562731186
101333.388275742
100019.872488795
98730.7332789369
97465.7183426536
96224.5332318874
95006.9331696611
 93812.617454766
92641.3454055399
91492.8157201027
90366.7886468096
89262.9675203464
88181.1105922189
87120.9306895146
86082.1813538267
  85064.58941125
84067.9011721121
 83091.861649557
82136.2075730955
81200.7060417435
80285.0820084743
 79389.128295945
78512.5560224513
77655.1871381346
 76816.716991282
75996.9998556336
75195.7134835276
74412.7474861024
73647.7602909551
72900.6797028281
72171.1431817565
 71459.119448873
70764.2234295828
70086.4673745007
 69425.442173738
 68781.206134226
68153.3246679938
67541.9046021353
66946.4844778741
66367.2220665644
65803.6276889118
65255.9124683317
64723.5571919487
64206.8287504772
63705.1771153231
63218.9273914956
62747.4974785694
 62291.273199744
61849.6391484088
61423.0444528603
61010.8391843201
60613.5384736875
60230.4566698973
59862.1777437358
59507.9791360682
59168.5166660515
58843.0296947578
 58532.249103295
58235.3750162233
57953.2168323593
 57684.934300809
57431.4190769945
57191.7894179689
56967.0233030726
56756.1964099831
56560.3774887031
56378.5985895595
56197.5504779253