478.033232356134
478.033491210605
478.033687613844
478.033718750312
478.033633117205
478.033414383147
478.033067657197
478.032597460118
478.031998268477
478.031279162304
478.030432139103
478.029466809873
478.028374722591
478.027165042254
 478.02582936986
478.024376205255
478.022797323508
478.021100526528
478.019277788795
478.017336225546
478.015268011657
478.013079595698
478.010763347379
 478.00832506871
 478.00575731655
478.003065264531
478.000241647892
477.997291027756
477.994206308094
477.990991451068
477.987639518828
477.984153885877
477.980527761002
477.976763940225
477.972855766344
477.968805464035
477.964606496322
477.960260521762
477.955761108567
477.951109352623
 477.94629891097
477.941330318636
477.936197303749
477.930899840818
477.925431709883
477.919792323965
477.913975494358
477.907980070501
477.901799872745
477.895433183927
477.888873809655
477.882119462397
 477.87516390755
477.868004282902
477.860634286403
477.853050476497
477.845246454565
477.837218194869
 477.82895917108
477.820464768458
477.811728299615
477.802744556178
477.793506653949
477.784008786655
477.774243834884
 477.76420539074
477.753886058269
477.743278824946
477.732375973716
 477.72116988532
477.709652473472
 477.69781551117
477.685650490821
477.673148577997
 477.66030078736
477.647097678928
477.633529728398
477.619586893931
477.605259045785
477.590535546084
 477.57540558743
  477.5598579442
477.543881052847
477.527463111152
 477.51059171409
477.493254497294
477.475438121512
 477.45712967847
477.438314793889
477.418980038169
477.399109892495
477.378690433488
 477.35770487887
477.336138844689
477.313974156105
477.291196008217
477.267784693562
477.243725033194
477.218995635148
477.193581001538
477.167457891301
477.140610551956
477.113013715064
477.084651448254
477.055496262718
477.025532132511
 476.99472913965
476.963071263884
476.930525932271
476.897077243948
476.862689726998
476.827347729679
476.791012617525
476.753669135427
476.715275201818
476.675816125409
476.635246070496
476.593551098534
476.550681288555
476.506623667632
476.461323872616
476.414770135432
 476.36690326623
476.317712969975
476.267134816058
476.215160282432
476.161719252104
476.106805310717
476.050342175521
475.992325912584
475.932673557837
475.871384072702
475.808367254179
475.743625436807
475.677060494347
475.608679092932
475.538374489789
 475.46615615583
475.391911406755
475.315650831841
475.237256238831
475.156739172391
475.073975917156
474.988978945264
474.901618981082
474.811909402155
474.719715354633
474.625051092902
474.527776192472
474.427905747445
474.325293799239
474.219956234704
474.111741630063
474.000666606741
473.886574380583
 473.76948223669
473.649228175019
473.525830059017
473.399120860877
473.269118920724
473.135652418898
472.998740052055
472.858205496725
472.714067665079
 472.56614607456
472.414459688274
472.258824270728
472.099258644807
471.935575294606
471.767792681661
471.595720553739
471.419376756116
471.238568921252
471.053313985187
470.863418168703
470.668897162716
470.469556568497
 470.26541044759
470.056264668739
469.842131225319
469.622817242025
 469.39833214371
469.168485408144
468.933283321776
468.692538928979
468.446254729296
468.194248672108
467.936518732519
467.672889237637
467.403352799588
467.127741740814
466.846042357109
466.558096740825
466.263883787214
 465.96325730403
465.656187552217
465.342542187683
465.022281431795
464.695289128019
464.361513855421
464.020858214371
463.673257310597
 463.31863532895
462.956911805415
 462.58803562985
462.211908361913
461.828507052989
 461.43771251488
461.039533806914
460.633827788971
460.220639832792
459.799799125346
459.371392200391
458.935216227428
458.491404409419
458.039716793675
457.580339564072
457.112989603273
456.637913386841
456.154777417936
455.663897035028
455.164879658747
454.658119679253
454.143154809748
453.620470795797
453.089522486781
452.550902110622
 452.00396508503
451.449429105562
450.886528868951
450.316131941288
449.737324264848
 449.15115553178
448.556524888353
447.954708230808
 447.34436429812
446.727057910077
446.101128056474
445.468522327699
444.827134518627
444.179444697456
443.522683287128
442.860122144844
442.187886149543
441.510533267331
440.821876037803
440.128618126236
439.414353368761
 438.03918942882
437.230309035312
436.487853369065
435.742070596595
435.000267340201
434.249603478453
433.498179967463
 432.73808605574
431.975912920472
431.205630312397
430.432781629238
429.652375045898
428.869239342862
428.079054716996
 427.28613953911
426.486649108567
425.684520778229
424.876265599736
424.065525806278
423.249090022931
422.430319637761
 421.60636216584
420.780212646509
419.949361533261
419.116496623978
418.279397752346
417.440490761842
416.597803383615
415.753534876033
414.905928045414
414.056983729642
413.205133333005
412.352202086077
411.496788268873
 410.64056026702
409.782265146877
408.923430095244
408.062935697803
407.202181157885
406.340167538362
405.478177355634
404.615320884195
403.752773719658
402.889745517334
402.027313486734
401.164778003658
400.303125427618
399.441739158141
398.581521425688
397.721931756431
396.863794303467
396.006638491095
395.151215894448
394.297120170126
393.445035356941
392.594614154416
391.746477725777
390.900333029792
390.056742696746
389.215463508211
388.377003637693
387.541165551731
386.708406819284
385.878571711984
 385.05207085774
384.228786677184
 383.40908636115
382.592887018075
381.780515770466
380.971921123792
380.167393385972
379.366909318288
378.570725569711
377.778844147844
376.991491114364
376.208690830121
375.430641769007
 374.65738785531
373.889102912424
373.125847730156
372.367774364842
371.614957855927
370.867531329344
370.125581531797
369.389225454684
368.658559075626
367.933686011705
367.214709054646
366.501721176203
365.794829619208
365.094119411707
364.399699933424
363.711650946363
 363.03008169727
362.355069338887
361.686720755512
361.025113129324
360.370348789594
359.722507571202
359.081685089559
358.447966442575
357.821438403899
 357.20219393432
356.590308866208
355.985886615039
355.388989998461
354.799735472888
 354.21817079178
353.644428035711
353.078537866551
 352.52065057189
351.970777714924
351.429090375523
350.895579029843
350.370438140651
349.853635125972
349.345390430603
348.845646459295
348.354652249871
 347.87232325341
347.398939727241
346.934388242102
346.478982920706
346.032579539589
345.595528756282
 345.16765365131
344.749344114576
344.340388640292
343.941219081331
343.551587466391
 343.17197038026
 342.80208151788
342.442445009035
342.092734357742
341.753524102295
341.424445710124
341.106127048814
340.798155715797
340.501215893474
340.214849489353
339.939800059125
339.675562015642
339.422941428244
339.181383427896
338.951759829715
338.733464716122
338.527438982797
338.333023921367
338.151232957531
337.981352879252
337.824473219818
337.679824586213
337.535193306458