 0.0123890175370962
 0.0123927382603789
 0.0123954127277231
  0.012395924171268
 0.0123942981703586
 0.0123905654410692
 0.0123847524171375
 0.0123768905446646
 0.0123670070243766
  0.012355133934691
   0.01234129915911
 0.0123255353149473
 0.0123078708874046
 0.0122883389434575
 0.0122669684920126
 0.0122437929645541
  0.012218841818725
 0.0121921487693452
 0.0121637436507969
 0.0121336603839414
 0.0121019291108199
 0.0120685838848201
 0.0120336550894243
 0.0119971768407129
  0.011959179700199
 0.0119196977804068
 0.0118787617602239
 0.0118364056858575
 0.0117926602956136
 0.0117475595100167
 0.0117011340714811
 0.0116534177187843
 0.0116044411457313
 0.0115542378564986
 0.0115028384461042
 0.0114502761343888
 0.0113965813698918
 0.0113417870414142
  0.011285923405759
 0.0112290229769263
 0.0111711157771052
 0.0111122339045901
 0.0110524071064083
  0.010991667027014
 0.0109300431000008
 0.0108675664805357
 0.0108042662527317
 0.0107401730496254
  0.010675315571975
 0.0106097239003664
  0.010543426320451
 0.0104764523324859
 0.0104088297773342
 0.0103405875494094
 0.0102717530171248
  0.010202354445821
 0.0101324187057698
  0.010061973412218
0.00999104491352368
0.00991966015595263
 0.0098478449440461
0.00977562553826083
0.00970302717923834
0.00963007542678435
0.00955679493932835
0.00948321056309746
0.00940934635771865
 0.0093352264447565
0.00926087427011807
0.00918631322139579
0.00911156611748431
0.00903665560440018
0.00896160386231008
0.00888643278968988
  0.008811163917792
0.00873581839315972
0.00866041708942701
0.00858498039832078
 0.0085095285285875
0.00843408111569839
0.00835865769763208
0.00828327715354668
 0.0082079583461151
0.00813271939944558
 0.0080575784976641
0.00798255301235259
 0.0079076604471002
0.00783291742468735
0.00775834076738272
0.00768394635403322
0.00760975032596511
0.00753576782404611
0.00746201431015554
 0.0073885041941668
 0.0073152522610813
0.00724227219773892
0.00716957811586239
0.00709718298814109
0.00702510025760556
0.00695334219254741
0.00688192157283613
0.00681084997293665
0.00674013951599105
0.00666980109397665
0.00659984618060257
0.00653028499741624
0.00646112837680792
0.00639238588262325
 0.0063240677148265
0.00625618279291294
0.00618874069405214
0.00612174970731751
0.00605521879741384
0.00598915563745322
0.00592356859066467
0.00585846472914754
0.00579385182626432
0.00572973636849515
0.00566612555152704
0.00560302529201734
0.00554044222071244
0.00547838170060538
0.00541684981074309
0.00535585137693471
0.00529539194023831
0.00523547580604259
0.00517610799156025
0.00511729229876804
0.00505903323557372
0.00500133411775868
0.00494419895882773
0.00488763060575556
0.00483163259287261
0.00477620731632926
0.00472135784588909
0.00466708649260493
0.00461339518217007
0.00456028616201618
0.00450776091749787
0.00445582130485446
0.00440446838818681
0.00435370364747827
0.00430352774465829
0.00425394179853013
0.00420494608789941
0.00415654138557578
0.00410872760622262
0.00406150519192457
0.00401487371208832
0.00396883329339632
0.00392338317875876
0.00387852319480558
0.00383425227655718
 0.0037905699659406
0.00374747490851243
0.00370496637682008
0.00366304274517534
0.00362170303201705
0.00358094535839891
0.00354076850384499
0.00350117035388083
0.00346214946420749
0.00342370350227231
0.00338583081491893
0.00334852886866385
0.00331179581630922
0.00327562894026404
0.00324002621393228
0.00320498475209402
0.00317050236320339
0.00313657601052579
0.00310320335179702
0.00307038121449893
0.00303810711964255
0.00300637777425624
 0.0029751905763613
0.00294454212744472
0.00291442971599449
0.00288484985243439
0.00285579972887763
0.00282727577871371
0.00279927511052292
0.00277179409422593
0.00274482976737724
0.00271837844951726
0.00269243711932947
0.00266700205857324
0.00264207019884672
0.00261763779622629
0.00259370174662514
0.00257025829202286
0.00254730430364717
0.00252483602044521
0.00250285029954293
0.00248134338738835
 0.0024603121371594
0.00243975281279912
0.00241966227324751
 0.0024000368093901
0.00238087329518269
0.00236216805734744
0.00234391799364097
0.00232611947495718
0.00230876943115842
0.00229186428508135
0.00227540100650794
0.00225937607742046
0.00224378651483334
0.00222862886650569
0.00221390020348672
0.00219959714536952
0.00218571682352121
0.00217225593485005
0.00215921167679704
0.00214658082848995
0.00213436065866522
0.00212254803299728
0.00211114029619868
0.00210013440424115
0.00208952778194732
0.00207931747876159
0.00206950100319892
0.00206007550077861
0.00205103856673424
 0.0020423874446919
0.00203411981907055
0.00202623303306825
0.00201872486219384
0.00201159275012007
0.00200483456478595
0.00199844785068431
0.00199243056895914
0.00198678036471715
0.00198149529251627
0.00197657309732578
0.00197201192676106
0.00196780962436477
0.00196396442988888
0.00196047428363035
0.00195733751599453
0.00195455216169225
0.00195211663973942
0.00195002907640835
0.00194828797672675
0.00194689155517397
0.00194583839963915
0.00194512680896306
0.00194475545019952
0.00194472270222513
0.00194502730702142
 0.0019456677187074
0.00194664274942192
0.00194795092327784
0.00194959111727536
0.00195156191983083
0.00195386226699284
0.00195649080536312
0.00195944652371816
0.00196272812031385
0.00196633462983687
0.00197026479526832
0.00197451768990137
 0.0019790920941315
0.00198398711208075
0.00198920155388287
0.00199473454625025
 0.0020005849210307
0.00200675181884129
0.00201323427290605
0.00202003105259549
0.00202714138168663
0.00203456402911572
0.00204229820978786
0.00205034268285461
0.00205869664473542
0.00206735883465783
0.00207632842084316
0.00208560411218896
 0.0020951850386744
0.00210506986821703
0.00211525768219652
0.00212574709667976
0.00213653713379517
0.00214762634669151
0.00215901368731989
0.00217069763467123
 0.0021826770593397
0.00219495035477154
0.00220751629879257
0.00222037318779615
0.00223351969521912
0.00224695400879883
0.00226067468577683
 0.0022746797935633
  0.002288967761237
0.00230353652416927
0.00231838437117281
0.00233350909385606
0.00234890882855283
0.00236458121140098
0.00238052421396033
0.00239673530523611
0.00241321227966492
0.00242995242753273
0.00244695335377878
0.00246421215848898
0.00248172624473609
0.00249949251106205
0.00251750814634018
0.00253576983639272
0.00255427454362878
 0.0025730187301755
 0.0025919991198141
0.00261121194023414
 0.0026306536645603
0.00265032027556801
0.00267020798386684
0.00269031251714112
 0.0027106298118326
0.00273115533069124
0.00275188472458121
 0.0027728131818431
 0.0027939360566345
0.00281524825381513
0.00283674482002672
0.00285842036801567
 0.0028802696264583
0.00290228690783043
0.00292446661279402
0.00294680274590887
0.00296928937021635
 0.0029919201752636
0.00301468887735089
0.00303758884450246
0.00306061343768677
0.00308375569751934
0.00310700862162098
0.00313036491797553
0.00315381721346149
0.00317735787890981
0.00320097916373031
0.00322467309782099
 0.0032484315471133
0.00327224619757317
0.00329610852641004
0.00332000987347972
0.00334394132284251
0.00336789386692795
0.00339185819308805
0.00341582494591278
0.00343978441340743
0.00346372689285345
0.00348764227124538
0.00351152050007348
0.00353535106468676
0.00355912357333013
0.00358282711015749
 0.0036064509437855
0.00362998375876565
0.00365341448881774
0.00367673142168394
0.00369992316207639
0.00372297760498084
0.00374588303319254
0.00376862695431388
0.00379119733755984
0.00381358130990429
0.00383576653660894
0.00385773977221856
0.00387948838900384
0.00390099877878827
0.00392225803319437
0.00394325219260569
0.00396396808176556
0.00398439140253863
0.00400450872803023
 0.0040243054362142
0.00404376786531744
0.00406288108582677
0.00408163121941531
0.00410000304733205
0.00411798249463293
0.00413555407349465
0.00415270353395182
0.00416941514126295
0.00418567449374387
0.00420146563395084
0.00421677403353813
0.00423158353871212
0.00424587952132548
0.00425964565979931
0.00427286725489581
0.00428552784810456
0.00429761269970841
0.00430910524748661
0.00431999074380259
0.00433025255839344
0.00433987597026126
0.00434884431929668
 0.0043571429477463
0.00436511587184541