43.4931684678547
 43.478524501205
43.4675094182535
43.4660540089716
43.4713642246117
43.4843778326707
43.5047948673018
43.5323429385361
43.5673276397763
43.6092071404748
43.6584222076618
43.7143947107849
43.7775835470934
43.8474311642564
43.9243856703666
44.0079231018846
44.0984738599531
44.1955497179956
44.2995619601084
44.4100576057649
44.5274288039599
44.6512567330224
44.7819147531071
 44.919017020093
45.0629185584956
45.2132653451032
45.3703945638767
45.5339829043554
45.7043502300738
45.8812028842688
46.0648439506898
46.2550084115401
46.4519831307436
46.6555307532385
46.8659225022946
47.0829477420288
47.3068626538257
47.5374824044826
47.7750487525849
48.0194017727827
 48.270769441248
48.5290158621403
48.7943558921229
49.0666767979807
  49.34618100373
49.6327780784577
49.9266587259855
50.2277539591394
50.5362435014131
50.8520789478279
51.1754298108296
51.5062673984104
51.8447518128312
52.1908731934538
52.5447830671333
52.9064895059166
 53.276136332443
53.6537486309312
54.0394634300508
54.4333218790483
 54.835455164734
55.2459195227239
 55.664841294897
56.0922907880903
56.5283905441106
56.9732238842821
57.4269106463908
57.8895460627067
58.3612484176565
58.8421236987364
59.3322898458573
59.8318623883094
60.3409601922438
 60.859707051894
61.3882240962017
61.9266420381793
62.4750856759506
63.0336912197319
63.6025886172657
64.1819180726782
64.7718162421804
65.3724257322696
65.9838915494156
66.6063570159426
67.2399772180046
67.8848944052105
68.5412755653157
69.2092599774344
 69.889028450354
  70.58071527819
71.2845171128956
72.0005611246218
72.7290619386752
73.4701373298234
74.2240221404834
74.9908223379248
75.7707953446803
76.5640327592152
77.3708170722739
78.1912227942772
79.0255601033671
79.8738835357668
80.7365337134467
81.6135421361501
82.5052827696682
83.4117608294183
84.3333866750264
85.2701357945297
86.2224581480452
87.1902958481276
88.1741418254405
89.1739009538961
90.1901126750686
91.2226405358373
92.2720742064109
93.3382315827133
94.4217564658614
95.5224165309555
 96.640913804184
97.7769609135101
98.9313224037254
100.103650762341
101.294777553283
102.504289752708
103.733090658992
104.980696077852
 106.24808598018
107.534699043384
108.841597079965
110.168135371158
111.515462982806
112.882845196089
114.271524068154
115.680667563266
117.111618559489
 118.56343091457
120.037555839176
 121.53296919782
123.051167167979
124.591085486414
 126.15425163038
 127.73956577719
129.348582888598
130.980169291247
132.635904275248
134.314621919494
136.017922526188
 137.74460967056
139.496301114582
141.271771844562
143.072653281616
144.897693920177
146.748534784966
148.623900168474
150.525436382845
152.451846012318
154.404776074437
156.382910153906
158.387891121117
160.418386496745
162.476029876683
164.559475892168
166.670343458613
168.807277744409
170.971877296324
173.162781512142
175.381562596276
177.626858148285
179.900207767629
182.200251523679
184.528489855926
186.883569883965
 189.26694603588
191.677277392457
194.115965217719
196.581685815116
199.075779824709
201.596946406658
204.146457802189
206.723042059453
209.327894920911
211.959779779011
214.619807439311
 217.30678355152
220.021725190801
222.763487670003
225.532985162879
228.329130586164
231.152725635089
234.002749354777
236.879880942219
239.783174736601
242.713176927931
245.669027024166
248.651127151885
251.658712652345
254.692029910619
257.750421652427
260.833966128812
  263.9421260045
267.074798173145
270.231578938202
 273.41216963587
276.616315226611
279.843506129392
 283.09365251211
286.366017126861
289.660693696801
292.976698877088
296.314330423607
299.672338415264
303.051247667988
 306.44951868445
309.867929454807
 313.30462477707
316.760665711178
320.233851301724
323.725560265491
327.233210879979
330.758540007946
334.298543783043
 337.85536524286
341.425528734054
345.011641296146
348.609694936998
352.222831507986
355.846435465322
 359.48427187244
363.131022288392
366.791187849706
 370.45862351145
374.138714425794
377.824324041564
381.521921701165
385.223152343318
388.935851145535
392.650119540764
396.375575087953
400.100287030043
403.836313903942
407.568910282069
411.313721569597
415.051828694385
418.804787532722
422.546910286673
 426.31200821743
430.063108416728
433.887860110167
441.141061752725
445.341848727728
449.156350279771
452.949163397232
456.684137383974
460.426483440219
464.136002154692
467.851943300395
471.542176298485
475.236027865983
 478.90700326396
482.578936908485
 486.22921399666
489.878105369301
  493.5057980637
497.130036617906
500.733124894666
504.330910428069
507.907357242662
511.476828666836
515.024825869889
518.563929964429
522.081496117037
525.588449266494
529.073684907924
532.546751876503
535.997845251502
539.435354004191
542.850584309266
546.250935717192
549.628675022623
552.990349193712
556.329063462824
559.650623826603
562.948873251586
 566.22896906035
569.485407838553
572.722775493449
575.936151121761
579.129614588719
582.298766730657
585.447237226784
 588.57109619537
591.673571275305
594.751156168914
597.806718308668
600.837134833935
603.844949589055
606.827387603167
 609.78670140427
 612.72043220779
615.630569846904
618.514943257242
621.375305111428
624.209746346085
627.019805379481
629.803811777026
632.563110358192
635.296247963687
638.004394531583
 640.68629457175
643.342960180466
645.973315452302
648.578230221879
651.156791416816
653.709740914785
656.236312898688
658.737134474514
661.211572542003
663.660151634156
666.082357753892
668.478624187036
670.848543252738
673.192467540279
675.510083640348
677.801673305453
680.067006022217
682.306301948403
684.519402696253
686.706475516651
688.867423926461
691.002370458959
693.111270814528
695.194210548248
 697.25118827883
699.282259915633
701.287458147019
703.266816200109
705.220392365178
707.148203815284
 709.05032632347
710.926767331616
712.777612295311
714.602864969739
716.402612984303
718.176862197736
719.925695170434
 721.64912542248
723.347223444363
725.020015762661
726.667554016207
728.289882888531
729.887028582477
731.459058910778
733.005968232463
734.527852298572
736.024667372699
737.496541804045
738.943387645514
740.365370367899
741.762351814971
743.134538978005
744.481737590614
745.804200449876
747.101671356216
748.374453094537
749.622221767616
750.845334236383
752.043393180152
753.216813538944
754.365118861307
755.488786092572
756.587253941063
757.661065214097
758.709568046526
759.733374901504
760.731737561139
761.705341881614
762.653337443616
763.576487182067
764.473832533353
765.346217149783
766.192568260208
767.013813829428
767.808760667273
768.578424605097
769.321485643856
770.039050995506
770.729667251398
771.394536478074
772.032065010563
772.643553201952
773.227259999454
773.784587428687
774.313639590504
774.815923516948
775.289380629948
775.735626240372
776.152430832297
776.541521193967
776.900488128264
777.231173008769
 777.56151258782