822066.891028667
822066.576105124
822085.249539403
822094.731396085
822103.204201063
822112.378086758
822115.846225863
822122.262898174
822122.074558472
 822125.17807358
822121.710340456
822121.404494686
822114.780690976
822111.072559928
822101.341739625
822094.253446506
822081.435723878
822070.982968435
822055.081294468
822041.268431113
822022.271914088
822005.091068711
821982.976105665
821962.407220613
821937.138009218
821913.149048503
821884.677876654
821857.225006158
821825.492423495
821794.520125035
821759.455026803
821724.896139889
821686.415774448
821648.191467568
821606.201373418
821564.221048004
821518.614924276
821472.776054297
821423.435567681
821373.623477294
821320.418007636
821266.505588765
821209.291915052
821151.139286261
821089.761214185
821027.215321781
820961.503253644
820894.397415535
820824.167862915
820752.321255402
820677.376294616
820600.593381998
820520.720052163
820438.789958747
820353.759601927
820266.455425827
 820176.02296858
820083.101036452
819987.004211867
819888.203273584
819786.161782764
819681.202144866
819572.916756661
819461.499353324
819346.650941033
819228.456341207
819106.704854899
818981.392204211
818852.375577267
818719.581473281
818582.914461798
818442.251761224
818297.524714887
 818148.58127141
817995.358834603
817837.696166084
 817675.51590807
817508.667792025
817337.038765218
817160.509761688
 816978.91098727
816792.174888426
816600.053768842
816402.551975004
816199.322633212
 815990.46245533
815775.504001099
815554.656890221
815327.311614294
815093.811319053
814853.382816537
814606.523470352
814352.274695395
814091.308835779
 813822.46009038
813546.596613598
813262.323474252
812970.725529498
812670.156716412
812361.939544757
812044.154739492
811718.383464041
811382.411082689
811038.098457721
810682.913388156
810319.017516518
809943.538829786
809558.960859419
809162.049507087
808755.631319394
808336.087830517
807906.609735213
807463.171928637
807009.350381871
806540.691111797
806061.176476625
805565.901431746
805059.275802508
804535.921381555
804000.696496325
803447.727785593
802882.343053679
802298.151934917
801700.972609297
801083.876029367
800453.191556994
 799801.42999382
 799135.45257975
798447.188743016
797744.052163973
797017.369988964
796275.128615417
795508.032999208
794724.659082011
793915.086097639
793088.417096469
792234.325695903
791362.087485072
790461.277318906
789541.188475994
788591.359502517
787621.067486983
786619.841214177
785596.918507559
784541.842002873
783463.788257939
782352.337292417
781216.582682211
780046.165512901
778850.074921368
777618.036897383
776358.914979569
775062.544044235
773737.641215003
772374.174365644
770980.693776069
769547.324539343
768082.430096584
766576.317073049
765037.142554588
763455.419080565
761839.078387341
760178.863354979
 758482.46193992
756740.871807616
754961.519306454
753135.681321221
751270.505400962
749357.572042072
747403.733469278
745400.898108303
743355.607024212
741260.120780657
739120.654153229
736929.843907175
734693.564111517
732404.851615236
730069.226073547
727680.148083114
725242.769873561
722750.999199167
720209.608520199
717612.975870553
714965.482223318
712261.998695521
709506.503622761
706694.383664706
 703829.20386007
700906.888508356
697930.579086129
694896.759259067
691808.136951315
688661.776554624
685459.942581344
682200.301164023
678884.663502706
675511.318183124
672081.612947782
668594.479315926
665050.790942796
661450.142634413
657792.922562779
654079.409195621
650309.492728031
646484.155890081
642602.776917149
638667.063902067
634675.867183242
630631.642179767
626532.692883047
622382.245343038
618178.035563371
613924.085497564
609617.537494933
605263.237476406
600857.703399135
596406.637091558
591905.894976077
587362.072046451
582770.317907758
578138.165230568
573460.001071875
568744.350181637
563984.767745584
559190.838544482
554355.198581398
549488.579351841
544582.586051816
539649.209846657
534678.879787202
529684.997240586
 524656.62155271
519608.769987497
514528.866990528
 509433.83515633
504309.087279074
499173.873398952
494011.033358348
488842.788810606
483648.514266282
478454.445651123
473234.932717968
 468022.04806951
462781.941438476
457556.000286515
452293.452116237
447050.837249794
441702.602070841
431665.627861937
425841.276940517
420575.281238539
415345.389377555
410200.019283447
405049.448018285
399949.583052943
 394847.12079185
389786.943799687
384729.559506227
379712.020014814
 374702.45868185
369732.482090223
364775.168704065
359858.151883027
354958.015882074
350099.357368289
345261.393511593
340466.308624112
335695.380047221
330968.554771959
326269.551234894
321615.668529144
 316992.87674489
312416.264045025
307873.658810223
303378.275150677
298919.495295279
294508.924550776
290137.258553395
285814.707000738
281533.085651485
277301.383071204
273112.377428301
268973.981246347
264879.804772972
260836.806868257
256839.320979218
252893.456839929
248994.179279753
245146.839217932
241346.954804526
237599.196952108
233899.570289973
230252.135108512
226653.324922218
 223106.65096698
219608.925739743
 216163.16642833
212766.521058081
 209421.56220512
206125.735414541
202881.213307247
 199685.70556671
196541.025371179
193445.117115193
190399.471419766
187402.241358871
184454.628678477
181554.972029541
178704.215113162
175900.861591769
173145.625393684
170437.156832552
167775.966026499
165160.833503491
162592.089437002
160068.629815091
 157590.62681872
155157.078618148
152768.019600973
150422.538140575
148120.549418974
145861.221179171
143644.366500401
141469.222674674
139335.516410043
137242.545624583
135189.965119034
133177.125311952
131203.622387647
129268.851849346
 127372.36347028
125513.591055667
123692.049168631
121907.203699561
120158.544273821
118445.563156835
116767.734450903
115124.571540799
113515.541629569
111940.174373914
110397.937973518
108888.373876829
107410.958507678
105965.240956827
104550.712487767
103166.925982274
101813.393600531
100489.668432954
99195.2890857857
97929.8055183765
96692.7878731002
95483.7798574932
94302.3878268956
93148.1463138024
92020.7021940884
90919.5780800328
89844.4653483464
88794.8721062222
87770.5379244831
86770.9539644842
85795.9114360555
84844.8822432707
 83917.712468713
83013.8525634423
82133.2065413744
81275.2013080911
80439.8017272481
79626.4091583518
78835.0521271797
78065.1045279744
77316.6612885577
76589.0669906413
75882.4856648402
 75196.230796416
74530.5382134855
 73884.688576566
73258.9922333918
72652.6953404027
72066.1855484867
71498.6728738385
70950.6251503313
70421.2146562694
69910.9924209906
69419.0914223435
  68946.14906834
68491.2575067244
68055.1439186087
67636.8581243754
67237.2207273735
66855.2377570301
66491.8271899631
66145.9498381497
65818.6253561231
65508.7679550432
65217.5036828996
64943.6988190212
64688.5909953024
64450.9972936132
64232.2726671972
64031.1838179714
63830.8375059276