 6.07024833804895
 6.07023921995057
 6.07037195029607
 6.07044114552874
 6.07050595252044
 6.07057942862413
 6.07061413046855
 6.07067384422097
 6.07068816974671
  6.0707299490853
 6.07072656098468
 6.07074962486702
 6.07072936078681
  6.0707337119082
 6.07069689467554
 6.07068267298103
  6.0706294404541
 6.07059676485249
 6.07052715475274
 6.07047608600106
 6.07039005913994
 6.07032059243749
 6.07021804012552
 6.07013010466766
  6.0700108517659
 6.06990431163596
  6.0697681181464
 6.06964277318611
 6.06948933513892
 6.06934492149414
 6.06917387135214
 6.06901006164764
 6.06882096830998
 6.06863737146634
 6.06842973991379
 6.06822590062868
 6.06799917123865
 6.06777456915278
 6.06752811670356
 6.06728216526616
 6.06701529764343
 6.06674734268705
 6.06645929930032
 6.06616861732926
 6.06585856724073
 6.06554436343287
  6.0652114031968
 6.06487280911507
 6.06451596032259
  6.0641520313288
 6.06377023784987
 6.06337995021162
 6.06297207512444
   6.062554322804
 6.06211914500043
 6.06167273611406
  6.0612089465694
 6.06073259950465
 6.06023879720008
 6.05973113637969
 6.05920582386579
 6.05866537514665
 6.05810695373772
 6.05753213943464
 6.05693890402394
 6.05632803754895
 6.05569817103627
 6.05504945114491
 6.05438101846873
 6.05369252310632
 6.05298346487419
  6.0522531446154
 6.05150127032646
  6.0507269414028
 6.04992992225773
 6.04910925916823
 6.04826462046226
 6.04739514816309
 6.04650026125864
 6.04557934692863
  6.0446314208048
 6.04365626518398
 6.04265233756084
 6.04161996586043
 6.04055689389729
 6.03946414628046
 6.03833859684803
 6.03718211848218
 6.03599055801061
 6.03476678869351
 6.03350547259986
 6.03221063596437
 6.03087559766557
 6.02950568996993
 6.02809272949016
  6.0266435080044
 6.02514818018928
 6.02361515119211
 6.02203275354668
 6.02041115995138
 6.01873672012306
 6.01702152875679
 6.01524979169081
 6.01343568025722
 6.01156109505818
 6.00964243882059
 6.00765914536098
 6.00563000359065
 6.00353181891575
 6.00138592115898
 5.99916632574626
 5.99689705797302
 5.99454918191429
 5.99214957262197
 5.98966618180741
 5.98712888816447
 5.98450237055955
 5.98181966468629
 5.97904201680529
 5.97620577230215
 5.97326858599568
  5.9702702648435
 5.96716471453178
  5.9639953545037
  5.9607121850028
 5.95736238774282
 5.95389190284744
 5.95035182278598
 5.94668387479422
 5.94294320906133
 5.93906718957114
  5.9351151684792
 5.93102000374671
 5.92684536694708
 5.92251959164917
 5.91811018310152
 5.91354260035496
 5.90888557973213
 5.90406391833385
 5.89914647208567
 5.89405782454549
 5.88886670211795
 5.88349766680863
 5.87801914307232
 5.87235584189098
 5.86657572071302
 5.86060380884302
  5.8545074334103
 5.84821211177929
 5.84178437900841
 5.83515041065098
 5.82837578977751
 5.82138752051531
 5.81425007618437
 5.80689145997032
 5.79937488016488
 5.79162950942636
 5.78371713856154
 5.77556827986548
 5.76724315736219
 5.75867379270652
 5.74991869733618
 5.74091157134724
 5.73170907161009
  5.7222467448929
 5.71257925565618
 5.70264416450431
 5.69249401008132
 5.68206853270396
 5.67141801650184
 5.66048454586792
 5.64931602666908
 5.63785705000184
 5.62615302487273
 5.61415120975203
 5.60189440349224
 5.58933269043748
  5.5765061513928
 5.56336785270618
 5.54995505467185
 5.53622395922059
 5.52220890905564
 5.50786939256417
 5.49323674302652
 5.47827388333563
 5.46300905053099
 5.44740874716355
 5.43149803188085
 5.41524712913312
 5.39867784121791
 5.38176425387541
 5.36452483867149
 5.34693767932973
 5.32901784510149
 5.31074755195879
 5.29213839709437
 5.27317686097784
 5.25387099966989
 5.23421168896095
   5.214203373969
 5.19384145601327
 5.17312669703364
 5.15205915455614
 5.13063583066334
 5.10886157166528
  5.0867295362459
 5.06424949583824
 5.04141067241549
  5.0182279050482
 4.99468637239305
 4.97080613297038
 4.94656819791343
 4.92199801034633
 4.89707226673899
  4.8718219785756
 4.84621935089478
 4.82030117279082
 4.79403494292509
 4.76746347186346
 4.74054928764044
  4.7133415129824
 4.68579737695917
 4.65797266859789
 4.62981890547029
 4.60139898354577
 4.57265818411023
 4.54366706989564
  4.5143640085646
 4.48482795616558
 4.45498947706146
 4.42493688527896
 4.39459174772862
 4.36405305029172
 4.33323171526937
 4.30223924414369
 4.27097356141978
 4.23956136736472
 4.20788406707775
 4.17608764771966
 4.14403137704658
 4.11188713880171
 4.07948222204159
 4.04702595156669
  4.0142935664801
 3.98155385725821
 3.94847482629922
 3.91542169136245
 3.88158897676851
 3.81797910341084
 3.78095148189917
 3.74734901830594
 3.71385789533634
 3.68079047345835
 3.64757091130519
 3.61455954594429
  3.5814110329505
 3.54841647997269
 3.51531793391743
   3.482357488526
 3.44932543912336
  3.4164299531392
 3.38349261332001
 3.35069696740623
 3.31788678250415
  3.2852268980979
 3.25257774729099
 3.22008939296049
 3.18763531485108
 3.15535174902194
 3.12312804162916
 3.09108357455736
 3.05912249520397
 3.02735007510036
 2.99568276801298
 2.96421384563244
 2.93287013328896
 2.90173455993669
 2.87074279037015
 2.83996873867323
 2.80935567329398
 2.77896957676674
 2.74876030856851
 2.71878681777269
 2.68900471383205
 2.65946666771061
 2.63013333203577
 2.60105174332727
 2.57218699728678
 2.54358105104791
 2.51520292926844
 2.48708999355952
 2.45921475355913
 2.43161040133549
 2.40425254538194
 2.37717058661123
 2.35034289443135
 2.32379541743562
  2.2975089884934
 2.27150640950267
 2.24577071363155
  2.2203218335348
 2.19514476876681
 2.17025683605773
 2.14564479254743
  2.1213235714856
  2.0972815004816
 2.07353134352377
 2.05006283039962
 2.02688675399906
 2.00399409441702
  1.9813938573401
 1.95907813568648
 1.93705431905294
 1.91531548835194
 1.89386757666706
 1.87270453924975
 1.85183100176193
 1.83124169003796
 1.81094006182172
 1.79092151857238
 1.77118848080421
 1.75173693848544
  1.7325683974468
 1.71367935605948
 1.69507052046645
 1.67673882361715
 1.65868427993948
 1.64090418877855
 1.62339797427117
 1.60616323905467
  1.5891989122819
 1.57250284136046
 1.55607355004656
 1.53990907613641
 1.52400762222593
 1.50836736586609
  1.4929862677234
 1.47786259786709
 1.46299414958613
 1.44837924131512
 1.43401556914882
 1.41990145853602
 1.40603457448914
 1.39241321066751
 1.37903506332761
 1.36589835785315
 1.35300088056207
 1.34034075418501
 1.32791591067807
 1.31572433766006
 1.30376416532258
 1.29203321545859
 1.28052986636854
  1.2692517448911
 1.25819752483544
 1.24736461039662
 1.23675201606511
 1.22635689700697
 1.21617865158204
 1.20621416072136
 1.19646324809801
 1.18692249626584
 1.17759219414967
 1.16846860274076
 1.15955251488628
 1.15083984768729
 1.14233193555455
 1.13402433013733
 1.12591894426117
 1.11801094324313
 1.11030285462661
 1.10278943711965
 1.09547386898495
 1.08835048257743
  1.0814231428303
 1.07468573646962
 1.06814285125944
 1.06178790943371
 1.05562625822571
 1.04965083687731
 1.04386778948765
 1.03826955412992
  1.0328631102199
 1.02764037677894
 1.02260920835727
  1.0177609873148
 1.01310448485581
 1.00863052933665
 1.00434885219775
 1.00024971072566
0.996343842633148
0.992620917372749
 0.98909272784774
0.985748339261733
0.982600651980609
0.979638110966661
0.976874780198447
0.974298468930836
0.971924465368506
0.969739928260524
0.967562288344821