0.0908444967781616
0.0908138648630824
   0.0907908162072
0.0907877714770999
 0.090798878066929
0.0908261020874787
0.0908688134377167
0.0909264441408967
0.0909996323279637
0.0910872457077486
0.0911902056622174
0.0913073037937933
 0.091439499628874
0.0915856277795082
0.0917466253486049
0.0919213972097494
 0.092110843551162
0.0923139440117755
 0.092531558909606
0.0927627416261992
0.0930083125700032
0.0932673965942934
0.0935407749221722
0.0938276414114034
 0.094128739048451
0.0944433282807618
0.0947721148950887
0.0951144236160987
0.0954709241207308
0.0958410032020773
0.0962252955606706
0.0966232479429129
0.0970354612473946
  0.09746144014024
0.0979017529334372
0.0983559602486169
  0.09882459906825
0.0993072840629158
 0.099804522185963
 0.100315980296791
 0.100842136665454
 0.101382708515671
 0.101938146828092
  0.10250821739141
 0.103093345341919
 0.103693343248909
 0.104308611904017
 0.104939008877738
  0.10558491217533
 0.106246222584217
 0.106923296944428
 0.107616077461392
 0.108324901498599
 0.109049750856156
 0.109790945182259
   0.1105485040142
 0.111322731124064
 0.112113681884805
 0.112921646115252
 0.113746713068522
 0.114589160622769
 0.115449109891673
 0.116326828921461
 0.117222468592353
 0.118136289330328
 0.119068469603161
  0.12001926453831
 0.120988877916334
 0.121977562005439
 0.122985543517286
 0.124013074425477
 0.125060401872731
 0.126127780236293
 0.127215474459695
 0.128323744164266
 0.129452869321692
 0.130603117788989
 0.131774781638279
 0.132968140114394
 0.134183494294024
 0.135421138132242
 0.136681378432706
 0.137964527363626
 0.139270893982245
 0.140600812363854
 0.141954590135524
 0.143332587175638
 0.144735105771858
 0.146162535715174
 0.147615169803445
 0.149093432075178
 0.150597601430649
 0.152128140728515
 0.153685310289496
 0.155269616615543
 0.156881296474262
 0.158520905097811
 0.160188650417549
 0.161885141760258
 0.163610552609759
 0.165365552043593
 0.167150273139421
 0.168965450688098
 0.170811171035395
 0.172688240969674
 0.174596693391615
 0.176537413708643
 0.178510374254715
 0.180516546031485
 0.182555833254622
 0.184629299865564
 0.186736773958087
 0.188879420146711
 0.191056981925036
 0.193270732719608
 0.195520322447714
 0.197807141911017
  0.20013073795279
 0.202492627756176
 0.204892245046945
 0.207331242859117
 0.209808931186961
 0.212327108868252
 0.214884950956032
 0.217484412549374
 0.220124521928901
 0.222807401439169
 0.225531920109449
 0.228300379063725
 0.231111474925007
 0.233967699711131
 0.236867563747503
 0.239813762825331
 0.242804605536148
 0.245843008852898
 0.248927044018931
 0.252059866039287
 0.255239385477518
 0.258468861799338
 0.261746125335318
 0.265074511850422
 0.268451781349147
 0.271881338604677
 0.275360877181846
 0.278893864985612
 0.282477932825747
 0.286116605546372
 0.289807455206408
 0.293554056917045
 0.297353928373603
  0.30121068777245
 0.305121803241796
 0.309090928352057
 0.313115486894206
  0.31719915955375
 0.321339331472592
 0.325539701625993
 0.329797622679296
 0.334116802487038
 0.338494567922208
 0.342934625703872
 0.347434284137417
 0.351997238167707
 0.356620785328404
 0.361308597506815
 0.366057969864527
 0.370872539281396
 0.375749607585411
 0.380692764008846
 0.385699326761379
 0.390772824071297
 0.395910600963479
 0.401116110560435
  0.40638673589962
 0.411725840117517
  0.41713085627605
  0.42260504182892
  0.42814589274569
  0.43375654423968
 0.439434569006653
  0.44518296254898
 0.450999389115635
 0.456886686052727
 0.462842625081753
 0.468869865898841
 0.474966304806652
 0.481134403220973
 0.487372200436561
 0.493681937715764
 0.500061817191113
 0.506513836727714
 0.513036382732514
 0.519631184904091
 0.526296837136761
 0.533034774480125
 0.539843823526316
 0.546725096252157
  0.55367767942097
 0.560702331293348
  0.56779842886054
 0.574966343463229
 0.582205775349873
 0.589516672758857
 0.596899095673397
 0.604352529551798
 0.611877434623466
 0.619472789751929
 0.627139500684484
 0.634875990936455
 0.642683662713644
 0.650560329481151
 0.658507947660146
 0.666523658731603
 0.674610039369216
 0.682763488256605
 0.690987278527607
 0.699276984236016
  0.70763666382697
 0.716060971055708
 0.724554854457783
 0.733111934219466
 0.741738174110727
 0.750426024755139
 0.759182616777386
 0.767999065414589
 0.776883854850881
 0.785826559193334
 0.794837250417929
 0.803903701128607
 0.813037871395579
  0.82222539519973
 0.831480515727471
 0.840786279983646
 0.850159750264093
 0.859580770861477
 0.869069978993852
 0.878603136802783
 0.888205576192999
 0.897847657933352
 0.907561181582912
 0.917308999657974
 0.927132468590532
 0.936983286081989
 0.946918643127486
 0.956872167960276
 0.966934108864883
 0.977008451991247
 0.987332675452542
  1.00700360954395
  1.01856887595456
  1.02908587223782
  1.03959048849114
  1.04998631203329
  1.06045603385655
  1.07088810297926
  1.08139350852562
  1.09188206435883
   1.1024376531529
  1.11298513138954
  1.12359346916318
   1.1341978436815
  1.14485759290604
  1.15551529632627
  1.16622349112315
  1.17693030047913
  1.18768317492258
  1.19843454153678
  1.20922788650851
  1.22001967261586
  1.23084841616574
  1.24167567323129
  1.25253526515005
  1.26339299215545
  1.27427873869134
  1.28516189823905
  1.29606900311857
  1.30697253139523
  1.31789612379248
  1.32881493777377
  1.33975009197272
  1.35067909506354
   1.3616208449012
  1.37255493160007
  1.38349828146796
  1.39443234135531
  1.40537227482339
  1.41630119602916
  1.42723268275136
  1.43815135498399
  1.44906935630637
   1.4599726734871
  1.47087214703555
  1.48175500956204
  1.49263091299629
  1.50348822964931
  1.51433552371304
  1.52516221321482
   1.5359758641742
  1.54676685640461
  1.55754183794286
  1.56829207481872
  1.57902336943754
  1.58972780546027
  1.60041040542757
  1.61106400790428
  1.62169291577945
  1.63229066472329
   1.6428608934855
  1.65339778120092
  1.66390435400179
   1.6743753843608
  1.68481333391935
  1.69521352133508
  1.70557788899055
  1.71590225709391
  1.72618809152994
  1.73643167155546
  1.74663402720718
  1.75679185609343
  1.76690579124772
  1.77697290945743
  1.78699348405488
  1.79696493311913
  1.80688720626513
  1.81675802605526
  1.82657705324593
  1.83634227897602
  1.84605310904352
  1.85570776800521
  1.86530543978562
  1.87484454781588
  1.88432408654105
  1.89374264422251
  1.90309905763611
  1.91239204622783
  1.92162032042397
  1.93078269751952
  1.93987779250076
   1.9489044874084
  1.95786133235806
  1.96674724119656
  1.97556072945852
  1.98430070995992
  1.99296569371688
  2.00155455972587
  2.01006584436499
  2.01849836002185
  2.02685069817437
  2.03512157176688
  2.04330965700581
  2.05141353447228
   2.0594319946496
  2.06736345271273
  2.07520684291444
  2.08296038182272
  2.09062317691721
  2.09819321276731
  2.10566979951892
  2.11305065612876
   2.1203353248442
  2.12752122514244
  2.13460816081432
  2.14159321770789
  2.14847649061433
  2.15525469729031
  2.16192825300447
  2.16849347261752
  2.17495112137564
  2.18129707606612
   2.1875324814357
  2.19365274061642
  2.19965940739887
  2.20554737524129
  2.21131863653613
  2.21696753857804
   2.2224965419252
  2.22789941071138
  2.23317910321851
  2.23832876287629
  2.24335187522656
  2.24824092486372
  2.25299995408421
  2.25762074988326
  2.26210794074068
  2.26645257660688
   2.2706599014779
   2.2747201880782
  2.27863932512121
  2.28240676712998
  2.28602907656178
  2.28949484790321
  2.29281134615589
   2.2959662630027
  2.29896759450306
  2.30180208575568
  2.30447849203216
  2.30698256696246
  2.30932385273997
  2.31148706543455
  2.31348256132469
  2.31547866198591