471.785369008629
471.785896941469
471.786297706115
471.786361426573
471.786187118407
471.785741407599
471.785034758312
471.784076357637
471.782854967523
471.781389083697
471.779662406831
471.777694519226
471.775468202802
471.773002132135
471.770279196296
471.767316714691
471.764097930745
471.760638741712
471.756922797232
471.752964595378
471.748748194167
471.744286733342
471.739564668122
   471.734593821
471.729359028877
471.723870834182
471.718114437784
471.712099134521
471.705810469714
471.699256518347
471.692423148826
471.685317239455
471.677924958322
 471.67025200586
471.662284824229
471.654027950644
471.645468073323
471.636608577015
471.627436365422
471.617953677939
471.608147600469
471.598019230822
471.587555801003
471.576757267991
471.565610970862
471.554115723866
471.542258931099
471.530038259901
471.517441134211
471.504464068403
471.491094457842
471.477327656389
471.463150979044
471.448558610534
471.433537730134
471.418081344131
471.402176436938
471.385814826796
471.368983240029
471.351672297322
471.333868399268
471.315560959915
471.296735981652
471.277381663619
471.257483532196
471.237028564522
471.216001727279
 471.19438877004
471.172174009609
 471.14934196433
 471.12587620376
471.101760013671
471.076976111058
471.051506550541
471.025333082476
470.998436534996
470.970797568113
470.942395791937
470.913210641855
470.883220522839
470.852403499807
470.820736790602
470.788196931214
470.754759976283
470.720400760679
470.685094206588
470.648813260653
470.611531751198
470.573220533374
470.533852389202
470.493395861601
470.451822744101
 470.40909902777
470.365195587133
470.320075601421
470.273709108884
470.226056195009
 470.17708615947
470.126755688489
470.075033457787
470.021872423406
 469.96724077074
469.911087367461
469.853380063591
469.794063250937
469.733104622965
469.670443676676
 469.60604815442
 469.53985220572
469.471823856878
469.401891421108
469.330023476651
469.256141972829
469.180216344278
469.102161607354
469.021948397877
468.939484185756
468.854741197285
 468.76761869495
468.678090933832
468.586048257239
468.491467441255
468.394229143994
468.294313213912
468.191589799989
468.086042439214
467.977529885671
467.866040051922
467.751419345436
467.633660818831
467.512597510636
467.388228463844
 467.26037224355
467.129034861139
466.994019049979
466.855339743565
466.712782468815
466.566368000244
 466.41587011029
466.261312016953
466.102456646911
465.939329352107
 465.77168221818
 465.59954269574
465.422651993215
465.241039638325
465.054435968346
464.862872555623
464.666068927393
464.464058653268
 464.25655057366
464.043580190803
463.824845850508
463.600384903133
463.369885468358
463.133386637448
462.890566656237
 462.64146622374
 462.38575415595
462.123472596898
461.854281476727
461.578224188071
461.294952427742
461.004510602298
460.706542945149
460.401094598627
460.087803229232
 459.76671438764
459.437460205942
459.100086259864
 458.75422032536
458.399907556655
458.036772707651
457.664859992931
457.283792644633
 456.89361333855
456.493945462322
456.084829462187
455.665890746738
455.237166738255
454.798286931702
454.349284813747
453.889796243575
453.419849727896
452.939089993756
452.447539373263
451.944854205269
 451.43104928227
450.905795555177
450.369098718474
449.820647609629
449.260437046858
448.688177323383
 448.10385035244
447.507191770598
446.898168271382
446.276545068598
445.642270993755
444.995145451399
 444.33509639223
443.661962444968
442.975647226242
442.276034091679
441.562998366797
440.836474167242
440.096303983032
439.342479329622
438.574804627998
437.793336136127
436.997834157969
436.188427862061
435.364826416813
434.527241052001
433.675321614535
 432.80937173272
431.928972326774
431.034531214999
430.125549039445
429.202551409318
428.264945158903
427.313389577025
426.347181401602
425.367132432252
424.372409465234
423.363999497379
422.340914860107
421.304345589907
420.253118733678
419.188662267653
418.109578427937
417.017577953053
415.910986313063
414.791856226645
413.658166005094
412.512391249207
411.352064038279
410.180197950783
408.993732355302
407.796390971903
406.584288993282
405.362134712777
404.124816543673
402.878501768355
401.616035004419
 400.34594151203
 399.05678277711
 397.76094616404
396.427872524054
 393.87434269061
392.365145228356
390.987947288623
 389.60801414322
 388.23827631999
386.854872263011
385.472707828252
384.077245443839
382.680621278329
381.271826921547
379.861048528317
378.439222320748
377.015196118209
375.581164567595
 374.14501446762
372.699830904359
371.252779247869
369.797612198063
368.340932892126
366.877015710545
365.411931037892
363.940615964124
362.468458780137
360.991025754455
359.513133225409
358.030876423031
 356.54858419478
355.062803035341
353.577440345899
352.089432347653
350.602317663554
349.113372553439
347.625809595947
346.137204293863
344.650478396456
343.163472659113
341.678847432061
340.194680031242
338.713394324565
337.233279684069
335.756544846575
334.281670089926
332.810667523939
331.342189900742
329.878068911836
328.417113579554
326.960989519266
325.508647662042
324.061600359733
322.618927628389
321.182000106509
319.750015364941
318.324212830084
316.903897193627
315.490186294057
314.082482445265
312.681790784124
311.287602551139
309.900818443296
308.521010625655
307.148983085154
305.784381511582
304.427920455908
303.079312258474
301.739188915342
 300.40732300428
299.084270506379
297.769858229938
296.464572382964
295.168288356908
293.881428566361
292.603911658035
  291.3361020005
  290.0779564529
288.829786878002
 287.59158355986
286.363611209614
285.145888978187
283.938639611142
282.741906775208
281.555876283544
280.380612154923
279.216268163508
278.062924686356
276.920708223651
275.789711671721
274.670038903374
273.561791636436
272.465055653409
271.379937925038
270.306510579066
269.244882389034
268.195116169289
267.157319154851
266.131549100706
265.117908462118
264.116454107924
263.127280564583
262.150447913441
261.186039688092
260.234123212645
259.294768042168
258.368052711488
257.454029883814
256.552793216488
255.664375634258
254.788889778872
253.926346051553
 253.07687989685
252.240476464078
251.417297782109
250.607301072141
249.810678698906
249.027357327231
248.257563386472
247.501190400811
246.758502577771
246.029357756908
245.314061630204
244.612433845484
243.924825286638
243.251014936303
242.591402587819
241.945724115902
241.314431960494
240.697216473756
240.094586509064
239.506184507086
 238.93257954198
238.373363777735
237.829170368773
237.299538859269
236.785170407945
236.285549616899
235.801449651237
235.332297868938
234.878943536128
234.440754484705
  234.0186602848
233.611966980986
233.221688775941
232.847067687857
232.489207024853
232.147282564308
231.822491357655
231.513940755286
 231.22292637753
   230.948484995
230.692015835411
230.452482976985
230.231394534165
230.027639829261
229.824000296088