0.104379413989131
0.104344049000519
0.104316283865527
0.104309943238242
0.104318876830978
0.104344957974816
0.104387705374666
0.104446379562619
0.104521737707956
0.104612525207931
0.104719741023664
0.104842084643359
0.104980572990287
0.105133962457273
 0.10530323819815
0.105487233983872
0.105686892728836
0.105901127678643
0.106130837921231
0.106375014286271
0.106634512484674
0.106908398276522
0.107197484936813
0.107500910450124
0.107819446738117
0.108152301398148
0.108500206141905
0.108862435682649
0.109239682706826
 0.10963128665487
0.110037902409064
0.110458931844356
0.110894993295089
0.111345548861507
0.111811181621516
0.112291411762717
0.112786788434265
0.113296887832842
0.113822226544198
0.114362434744425
0.114917997860842
0.115488598057272
0.116074691049619
 0.11667600902554
0.117292979481391
0.117925382682629
0.118573619445983
0.119237516176894
0.119917448603967
0.120613287333563
0.121325384653122
0.122053653420294
 0.12279842418795
0.123559650095598
0.124337641732257
0.125132390520884
0.125944188926252
0.126773064618201
0.127619293850814
 0.12848293845688
0.129364260472646
0.130263353753264
0.131180468194901
0.132115727468466
0.133069371498597
0.134041551489817
0.135032499660751
0.136042392382179
0.137071456535642
0.138119891195754
0.139187920386031
0.140275763317359
 0.14138364375142
0.142511798352366
 0.14366045334067
 0.14482986002474
0.146020249936461
0.147231886082649
0.148465008299102
0.149719888197228
0.150996777057286
0.152295951842057
0.153617678573318
0.154962236140854
0.156329908770311
0.157720973670849
0.159135736908717
0.160574470209142
0.162037505299495
 0.16352510440928
0.165037628941025
0.166575327395096
0.168138595066781
0.169727662258741
0.171342962590585
0.172984703449668
0.174653361436158
0.176349116041203
0.178072491737523
0.179823634861224
 0.18160312289673
0.183411063473339
0.185248092485263
0.187114272994922
0.189010304975466
0.190936200738327
0.192892730288308
0.194879848661614
0.196898402143863
0.198948281615221
0.201030416200991
0.203144625371131
0.205291927972886
0.207472064421344
0.209686150505413
0.211933839532719
0.214216351805525
0.216533245045677
0.218885852007437
0.221273625904735
 0.22369802026486
0.226158374409434
0.228656271358154
 0.23119092667494
0.233764062006119
 0.23637475879242
0.239024886872967
0.241713382680241
0.244442274262171
0.247210341617715
0.250019781492044
0.252869205443739
0.255760990004466
0.258693565112249
 0.26166950170833
 0.26468701820907
0.267748892205667
0.270853201475823
0.274002810928053
0.277195728136399
0.280434881448741
 0.28371821676829
0.287048719421931
0.290424277424177
0.293847927661874
0.297317503947362
0.300836089033598
0.304401466499774
0.308016758882861
0.311679703824445
0.315393457153924
0.319155715216838
0.322969660219414
0.326832952217107
0.330748792439253
0.334714810040586
0.338734217467439
0.342804618766459
0.346929229327902
0.351105634307066
0.355337043283122
0.359621029182826
0.363960786521686
0.368353883130096
 0.37280348869328
0.377307173571678
 0.38186807232193
0.386483765981869
0.391157343130441
0.395886404180052
0.400673980310982
0.405517700588735
0.410420526778597
0.415380126493663
 0.42039937944602
0.425476002345161
0.430612779559585
0.435807488141091
0.441062803137103
0.446376573932846
0.451751351549491
 0.45718507049649
0.462680142288422
0.468234600211569
0.473850699962571
0.479526588190215
0.485264347564917
0.491062253698947
0.496922198053122
0.502842601914966
0.508825146284314
0.514868416057904
0.520973861344441
0.527140249936699
0.533368779310964
0.539658420949748
0.546010096485889
0.552423003574641
0.558897763134053
0.565433823381631
 0.57203147775925
0.578690451602585
0.585410681948099
0.592192200284637
0.599034555808716
0.605938118054908
0.612902014028209
0.619926986519925
0.627011702569781
 0.63415731732047
0.641361996026957
0.648627349860012
0.655950995649248
0.663335049722477
0.670776528050377
0.678278107793522
0.685836144607443
0.693453940098851
0.701127121557168
0.708859688374408
0.716646460794136
0.724492221387494
0.732390891376404
0.740348137037193
0.748356871747136
0.756423765280504
 0.76454059268923
0.772715171963923
0.780937981047029
0.789218163701887
0.797544704283016
0.805928294059061
0.814356176003575
0.822840871517474
0.831367562720759
0.839950970163319
0.848573792395652
0.857253445002734
0.865969565929703
0.874742956064745
0.883549374267682
0.892414011133811
0.901307527772004
0.910261053086878
0.919238216703793
0.928278671206661
0.937335666080773
0.946462235208816
0.955594659520907
 0.96481051235101
0.974013281269163
0.983345822193255
0.992637299927496
 1.01214793150108
 1.02183276605437
 1.03146242001173
 1.04095539195107
 1.05052127582703
 1.06003807653629
 1.06962432399574
 1.07918478831068
 1.08880676786945
 1.09841272264396
 1.10807329564564
 1.11772265803288
 1.12742087123745
  1.1371103283859
 1.14684369882085
 1.15657013279378
 1.16633476075467
 1.17609398882037
 1.18588640715189
 1.19567416197878
 1.20549062001774
 1.21530258339072
 1.22513914577532
  1.2349709644111
 1.24482356882257
 1.25467086310256
  1.2645353560561
 1.27439372557791
 1.28426588597725
 1.29413091357615
 1.30400646904225
 1.31387372401084
 1.32374836271681
 1.33361340355102
 1.34348278312471
 1.35334115994384
 1.36320091436626
 1.37304817107125
 1.38289391614281
 1.39272559233792
 1.40255293007507
 1.41236456275997
 1.42216908495943
 1.43195620999105
 1.44173350111986
 1.45149165444012
 1.46123729396053
 1.47096201258555
 1.48067157679091
 1.49035839955767
 1.50002746297414
 1.50967193104149
 1.51929606743599
 1.52889372453779
 1.53846850756229
 1.54801490001139
 1.55753590350696
 1.56702657994959
 1.57648937792833
 1.58591988884906
 1.59532005516862
 1.60468595214635
 1.61401905988876
 1.62331589460486
  1.6325775151693
  1.6418008381688
 1.65098654008636
 1.66013189929321
 1.66923724676991
 1.67830018575726
 1.68732073695056
  1.6962967929665
 1.70522809799915
 1.71411279974803
 1.72295039846214
 1.73173926364114
  1.7404786830939
 1.74916721568354
 1.75780396738514
 1.76638765469192
 1.77491723158496
 1.78339154103307
 1.79180941421134
 1.80016978987974
 1.80847140504299
 1.81671326394252
 1.82489403758258
 1.83301276566677
 1.84106808097852
 1.84905902888024
 1.85698423138968
 1.86484270987415
 1.87263310277364
  1.8803543778965
 1.88800521707576
 1.89558450503328
 1.90309099379231
 1.91052345544836
 1.91788073887631
 1.92516147394852
 1.93236463295011
 1.93948867383538
 1.94653271878388
 1.95349502400014
 1.96037488799245
 1.96717033521084
 1.97388086689764
 1.98050424553586
 1.98704020149569
 1.99348620483918
 1.99984224146137
  2.0061054582751
 2.01227612311215
 2.01835102870101
 2.02433075124609
 2.03021169791656
 2.03599477975571
 2.04167598662541
 2.04725659090846
  2.0527321330041
 2.05810427317076
 2.06336806974674
 2.06852559743638
 2.07357139943845
 2.07850799150331
 2.08332936809149
 2.08803851262203
 2.09262883665633
 2.09710381791659
 2.10145625029627
 2.10569013245262
 2.10979760518514
 2.11378321469702
 2.11763841255655
 2.12136831907916
 2.12496365969435
 2.12843015532291
 2.13175776751235
 2.13495284417351
 2.13800454432035
 2.14091986908771
  2.1436871353154
 2.14631402339377
 2.14878796726738
 2.15111735235034
 2.15328868778886
  2.1553110894521
 2.15733363425512