570160.374310933
570160.516090044
570174.690061332
570182.036330415
570188.412426497
570195.026948214
570197.492958378
 570201.64776758
 570201.12584141
570202.478850125
570199.213626434
570197.724900244
 570191.79899796
570187.487453063
570178.938102246
570171.827248932
570160.673038773
 570150.77920959
570137.026517072
570124.356587484
570108.001361002
570092.552540294
570073.580974945
570055.341003017
570033.729909629
  570012.6772909
569988.394344341
569964.498540675
569937.502453518
569910.724022706
569880.964658364
569851.255338571
569818.673770264
569785.976513416
569750.505033063
569714.753990294
569676.316070536
569637.436532398
 569595.94674434
569553.855038079
569509.218926893
  569463.8222727
569415.936192855
569367.132520624
569315.883432148
569263.561159989
569208.826386932
569152.864162424
 569094.51111437
569034.777519302
568972.663376633
568909.016595776
 568842.98795916
568775.275413475
568705.167917922
568633.225862432
568558.863756106
568482.516842574
568403.712530472
568322.773334913
568239.326887434
568153.595402432
568065.294028767
 567974.55712053
567881.174606821
567785.205436849
567686.501549016
567585.058960303
567480.778811454
567373.606679117
567263.480061495
567150.306607815
567034.047289288
566914.584363183
566791.889348377
566665.831669447
566536.380425717
566403.404793111
566266.858441704
566126.622908241
565982.623381174
  565834.7663933
565682.935556658
565527.075061088
565367.013805734
565202.746323852
 565034.03362478
564860.933296196
564683.125242099
564500.742839089
 564313.37163407
 564121.23354902
563923.806488804
563721.413697211
 563513.41212264
563300.239124709
563081.117355855
562856.611100277
562625.795355041
562389.374149118
562146.261450824
561897.313861768
561641.270940946
561379.154693897
561109.516890164
560833.557769233
560549.627940023
560259.118699515
559960.166143246
559654.365437098
559339.624839305
559017.756177769
558686.426589722
  558347.6773333
 557998.92119367
557642.441595429
557275.383806671
556900.286115177
556514.013187464
556119.370823754
555712.930100474
555297.776923731
 554870.17590383
554433.505581652
553983.711355336
553524.476855788
  553051.4156714
552568.528895254
552071.085876705
551563.417448132
551040.436490659
550506.815689214
549957.099753155
549396.313566807
548818.630807502
548229.393284249
547622.533487862
547003.498978292
546366.163779786
545715.990570992
545046.830829098
544364.142831012
543661.771324723
542945.156438876
 542208.15049792
541456.162291053
540683.065966623
539894.225955743
539083.552522463
538256.352884838
537406.587758386
536539.494476001
535649.098575619
534740.555037164
533807.968616901
532856.399699814
 531880.04667013
530883.863323084
529862.156082017
528819.760425525
527751.105215555
526660.896175019
525543.698978179
524404.078459731
 523236.75143918
522046.131054063
520827.099545441
519583.907883346
518311.617933572
517014.308379421
515687.234824335
514334.293906315
512950.948971613
511540.905221026
510099.847623373
508631.280918962
 507131.12543603
505602.676797033
504042.104266585
502452.486049888
500830.253748964
499178.260196467
497493.212542418
495777.730615246
494028.810120807
492248.830547445
490435.088952546
488589.717408406
486710.326902074
484798.795228788
482853.059665469
480874.737029346
478862.103035585
476816.506916511
474736.574776263
472623.381671057
470475.915871334
468294.971589357
466079.910902543
463831.240326513
461548.707301841
459232.523483489
 456882.83321804
454499.545676613
 452083.21373602
449633.435827954
447151.185188883
444635.740419254
442088.507310001
439508.434460769
436897.372982932
434253.929939458
431580.415362863
428875.081528696
426140.712163567
423375.189363802
420581.786928693
417757.998713969
414907.607135258
412027.696411148
409122.579010096
406188.903929269
403231.538975941
400246.667041654
397239.741681968
 394206.44201878
391152.844612446
388074.078359495
384976.889304659
381855.798071173
378718.279239728
375558.171518099
372383.754491138
369188.089822518
365980.363212407
362752.733685581
359515.429988873
356259.538192372
352996.520898612
349716.152409828
346431.404635115
343130.390616234
339828.007666674
336510.166343763
333194.357141794
329863.381619862
326538.489608482
 323197.66649915
319868.229141014
316519.419353526
313190.183509484
309826.666497492
 306494.06494962
299613.382301173
296228.427776992
292879.445774887
289594.802079654
286302.279402625
283044.415183169
279781.131791622
276545.427537627
273308.274879349
270096.326773366
266886.466198217
263701.104003799
260520.890635168
257365.221424691
254217.387751268
251094.305245726
247981.889582724
244894.466048056
241820.195413477
238771.349483567
235737.864206987
232730.342853252
229740.156282744
226776.524510655
223831.998660835
 220914.63313138
218017.963481107
215149.048648515
212302.254623046
209483.780757732
206688.700073416
203922.462850827
201180.748690509
198468.350155583
195781.470544587
193124.321315109
190493.560281554
187892.882874987
185319.343096843
182776.176272849
180260.782982461
177775.986995357
175319.492953265
172893.755609054
170496.746984948
 168130.59039781
165793.493414067
163487.281358276
161210.369564499
158964.315319791
156747.717377195
154561.891968737
152405.599832374
150279.940570656
148183.817965917
146118.137196943
144081.928295022
142075.922276906
140099.260481998
138152.518310484
136234.935079552
134346.947591665
132487.881215631
130658.049807745
128856.854090918
127084.499394623
125340.452176937
123624.822543256
121937.134017489
120277.413767005
118645.234550488
117040.551953763
115462.980881037
113912.415840267
112388.507449802
110891.098858846
109419.870553108
107974.623318858
106555.062182808
105160.953896267
103792.023164653
 102448.01041508
101128.655583761
99833.6799137591
98562.8344946741
97315.8279981859
96092.4189215054
94892.3094903657
93715.2621608984
92560.9783888187
91429.2214068102
90319.6971625345
89232.1667217016
88166.3454055794
87121.9893836017
86098.8278839788
85096.6096426923
84115.0820104059
83153.9839246796
82213.0847855189
81292.1115213382
80390.8592477982
79509.0408113994
78646.4804761867
77802.8750571556
76978.0811920102
76171.7778243954
75383.8570088143
74613.9780751842
73862.0713804735
73127.7749847672
72411.0602998134
71711.5425357964
71029.2368019153
70363.7339450435
69715.0953282452
 69082.885979761
68467.2160099589
67867.6232234144
67284.2689315134
66716.6623533138
66165.0184386422
65628.8164959791
65108.3275585231
64602.9997302039
64113.1626043713
63638.2318125282
63178.5980419786
   62733.6432058
62303.8217022847
61888.4804985081
61488.1404316194
61102.1123110479
60730.9862808193
60374.0357954394
60031.9233454059
 59703.883847093
59390.6553827121
59091.4331623612
58807.0343480104
58536.6132930977
58281.0700112068
58039.5168710522
57812.9408389852
57600.4112003251
 57403.006355779
57219.7514478674
57037.2319845493