 3.44525730516659
 3.44525340664781
 3.44533533974327
 3.44537893847536
 3.44541875940664
 3.44546236138975
 3.44548317223684
 3.44551636631078
 3.44552358624091
 3.44554425465619
  3.4455392777276
 3.44554712525345
 3.44553039644504
 3.44552549672838
 3.44549720709411
 3.44547967775918
 3.44543992318382
 3.44540985471967
 3.44535867353258
 3.44531611499636
 3.44525349799761
 3.44519845520995
 3.44512434920707
 3.44505678549058
 3.44497109512116
 3.44489093236867
 3.44479352130515
 3.44470064090113
 3.44459133270302
  3.4444855762086
 3.44436415489775
 3.44424532449342
 3.44411153488238
 3.44397939357918
 3.44383294137075
 3.44368721300227
 3.44352776467339
 3.44336813367933
 3.44319531616001
 3.44302142717072
 3.44283482732659
 3.44264628455618
 3.44244544848205
 3.44224181493631
 3.44202624706659
 3.44180704357114
 3.44157620561205
 3.44134090966485
 3.44109421935255
 3.44084226380428
   3.440579093492
  3.4403098650572
 3.44002954013427
 3.43974237773541
 3.43944417488004
 3.43913836782614
 3.43882151309362
 3.43849629909471
 3.43815996584209
  3.4378145288602
 3.43745783550811
 3.43709130344534
 3.43671331107724
 3.43632475330065
 3.43592446309955
 3.43551288780295
 3.43508923832528
 3.43465358972722
 3.43420545401333
 3.43374460939069
 3.43327079191147
  3.4327835584681
 3.43228279190698
 3.43176790347641
 3.43123884534635
 3.43069495892829
 3.43013618802322
 3.42956188015341
 3.42897189283424
 3.42836565578784
 3.42774286210338
 3.42710309993249
 3.42644581957649
 3.42577084398322
  3.4250773020893
  3.4243653281367
 3.42363365091413
 3.42288279257824
 3.42211100279257
 3.42131926836034
 3.42050528066429
 3.41967056798334
  3.4188121841051
 3.41793227569333
 3.41702717949092
 3.41609973751549
 3.41514548990814
 3.41416805104589
 3.41316208483568
 3.41213205502919
  3.4110716696284
 3.40998631875468
 3.40886867483751
 3.40772513130921
  3.4065472454092
  3.4053424907313
 3.40410122980931
 3.40283209311781
 3.40152416912885
 3.40018732174165
 3.39880928623279
 3.39740123624687
 3.39594947502245
 3.39446656199582
 3.39293728989071
 3.39137567965199
 3.38976493545802
 3.38812061509145
 3.38642425668729
 3.38469302974569
 3.38290672948535
 3.38108421148914
  3.3792034519096
 3.37728506619495
 3.37530513610891
 3.37328611009402
 3.37120210113934
 3.36907746308298
 3.36688426680786
 3.36464884313107
 3.36234114874403
 3.35998956176379
 3.35756185586969
  3.3550885155472
 3.35253511766767
 3.34993402776412
 3.34724942208341
 3.34451428001542
 3.34169245345256
   3.338817004203
 3.33585167046938
 3.33282947901639
 3.32971414780876
 3.32653858460376
  3.3232665715423
 3.31993081655144
 3.31649524975928
 3.31299229935756
 3.30938612724732
 3.30570880284824
 3.30192480357459
 3.29806576202066
 3.29409655474101
 3.29004830056422
 3.28588635862383
 3.28164125828724
 3.27727892443774
 3.27282922266385
 3.26825872641788
 3.26359656470145
 3.25881004191644
  3.2539274793089
 3.24891699408206
 3.24380603032231
 3.23856359926459
 3.23321620031538
 3.22773381925603
 3.22214194528742
 3.21641161844129
 3.21056725428188
 3.20458102588989
 3.19847621394326
  3.1922262023716
 3.18585307796899
 3.17933151222551
 3.17268234135734
 3.16588159995317
 3.15894881929016
  3.1518614713426
 3.14463773042411
 3.13725657886208
 3.12973478429312
 3.12205291099006
  3.1142262724512
 3.10623708507243
 3.09809916290844
 3.08979644322118
 3.08134119733435
 3.07271915068953
 3.06394099042461
 3.05499429608046
 3.04588813074907
 3.03661199266881
 3.02717328232329
 3.01756348004288
 3.00778828607426
 2.99784122520291
 2.98772626030462
 2.97743902219056
 2.96698169920066
 2.95635208926937
 2.94555056837935
  2.9345771626311
 2.92343039643013
 2.91211258556986
 2.90062036138002
 2.88895839204595
 2.87712137099728
 2.86511638355569
  2.8529361358502
 2.84059019823414
 2.82806923405513
 2.81538537114442
 2.80252716668195
 2.78950938475168
 2.77631840283551
 2.76297170864151
 2.74945341349833
 2.73578382762091
  2.7219446933009
 2.70795925743466
 2.69380676947859
 2.67951354743767
 2.66505619737435
 2.65046426968255
 2.63571154194455
 2.62083099400473
 2.60579334480931
 2.59063524880626
 2.57532407643005
 2.55990046733685
 2.54432807294918
 2.52865191931544
  2.5128314569835
 2.49691662766138
 2.48086204100178
 2.46472326976351
 2.44844921029939
 2.43210206174351
 2.41562377862516
 2.39908462158625
 2.38241779925448
 2.36570379983511
 2.34886428488274
 2.33199344437213
 2.31499669199001
 2.29798798448401
 2.28084762344367
 2.26372133218999
 2.24644389125049
 2.22922171324006
 2.21176943766041
 2.19443018864944
 2.15860161378798
 2.14090424239963
 2.12333953972733
 2.10605800095383
 2.08868025569663
  2.0714307297932
 2.05409713142233
 2.03685452888359
 2.01954805863117
 2.00232003398189
 1.98504630168126
 1.96784735113349
 1.95061860153861
 1.93346508987679
 1.91629595509382
 1.89920349774412
 1.88211068170301
 1.86509630016626
 1.84809523525153
 1.83117555656129
  1.8142816218449
  1.7974727710316
 1.78070106775425
 1.76401859785977
 1.74738380513738
  1.7308426451947
 1.71435892099871
 1.69797333494019
 1.68165424463171
 1.66543779815018
 1.64929626140603
 1.63326179542352
 1.61731004650747
 1.60146965658224
 1.58571921500539
 1.57008423628547
 1.55454588600825
 1.53912688344454
 1.52381065938118
   1.508617422942
 1.49353260387121
 1.47857414849649
 1.46372925567884
 1.44901382569562
 1.43441662661417
  1.4199517043158
 1.40560922102557
 1.39140153909928
 1.37732006071487
 1.36337561818826
 1.34956071706765
 1.33588479843554
 1.32234134963974
  1.3089385468281
  1.2956707504541
 1.28254498727801
 1.26955639327966
 1.25671095205697
 1.24400448718513
 1.23144203717584
 1.21902003368754
 1.20674266104075
 1.19460688684604
 1.18261612575141
 1.17076781568724
 1.15906468044488
  1.1475045683867
  1.1360895861285
 1.12481793767292
 1.11369118148922
 1.10270782696394
 1.09186894921039
 1.08117331679125
 1.07062158237355
 1.06021273111189
 1.04994705056783
 1.03982370315491
 1.02984266537604
 1.02000324049412
 1.01030514495096
 1.00074778908309
0.991330677439633
0.982053296031987
0.972914983055868
0.963915270947111
0.955053374641767
0.946328845693795
0.937740816598174
0.929288832481609
0.920971982100874
0.912789780206249
 0.90474130855401
 0.89682602901634
0.889043051265058
0.881391763105394
0.873871335356697
 0.86648106175883
0.859220205959603
 0.85208794871392
0.845083676757268
0.838206439916907
0.831455776980135
0.824830589787133
 0.81833059697034
0.811954536120611
0.805702332461269
0.799572543789526
0.793565327739898
 0.78767904741619
0.781914117881017
0.776268693221704
0.770743470264931
0.765336380272398
0.760048425613365
 0.75487730137039
0.749824338801272
 0.74488698385759
0.740066919726671
0.735361330629315
0.730772274548747
 0.72629666168135
0.721936947632414
0.717689756544754
0.713557964571053
0.709537897998134
0.705632876695639
0.701838917485268
0.698159807520029
0.694591242711869
0.691137501621313
0.687793947946308
0.684565376508128
0.681446807608826
0.678443578096176
0.675550353804413
0.672773040483709
0.670105938534281
0.667555550809708
0.665115801419438
0.662793820081024
0.660583143880417
0.658491560977685
0.656512210852598
 0.65465357378979
0.652908381272141
 0.65128584181417
0.649778268762237
0.648275947997763