478.175321900799
478.175581509742
  478.1757785299
478.175809909779
478.175724258487
478.175505207495
478.175157878254
478.174686801875
478.174086442987
478.173365902158
478.172517159178
478.171549846602
478.170455493488
478.169243285188
478.167904803697
478.166448567519
478.164866332904
478.163165918665
478.161339280714
478.159393549482
478.157320881559
478.155127739072
478.152806473756
478.150362899626
478.147789555904
478.145091626767
478.142261830187
478.139304736461
478.136213232699
478.132991288949
478.129631950932
478.126138599837
478.122504428482
478.118732238429
478.114815356989
478.110756013295
478.106547655361
478.102191945162
478.097682436366
478.093020227261
478.088198960784
478.083219173356
478.078074579401
  478.0727651538
478.067284663228
478.061632520035
478.055802522417
478.049793518059
478.043599314391
478.037218191364
478.030643941745
478.023874273929
478.016902940441
478.009727073749
478.002340358786
477.994739347361
 477.98691762758
477.978871165698
477.970593421728
477.962079771491
477.953323513444
477.944319428291
477.935060617065
477.925541261041
 477.91575422531
477.905693087967
477.895350436718
477.884719243444
477.873791773803
477.862560391347
477.851016991439
477.839153328303
477.826960874817
477.814430776199
477.801554026301
477.788321163223
477.774722640455
477.760748392704
477.746388266505
477.731631599033
477.716467557511
477.700884889924
477.684872005548
477.668417074378
477.651507662257
477.634131375704
477.616274844207
477.597925129111
477.579067822557
477.559689463379
477.539774496646
477.519308966308
477.498276051199
477.476661333684
477.454446596997
477.431617001653
477.408152794934
477.384038762513
477.359253463529
477.333781364047
477.307599170116
477.280691092681
477.253031806038
477.224605340883
477.195384146353
477.165352159388
477.134479394707
477.102749794975
477.070130714215
477.036606214743
477.002140745348
476.966718617997
476.930301112089
476.892872937061
476.854391917758
476.814843328615
476.774181232222
476.732391657322
476.689424572412
476.645266973854
476.599864378372
476.553204989671
 476.50522948736
476.455927551228
476.405234608836
476.353142116621
476.299579803526
476.244541238029
476.187949970086
476.129802053712
476.070014343236
476.008585794001
475.945426005937
 475.88053731447
475.813821379384
475.745284876757
475.674820831438
475.602438729922
 475.52802564308
475.451592177757
475.373019885337
475.292320329705
475.209369527613
   475.124179972
475.036622107807
474.946709334898
474.854306508488
 474.75942790672
474.661932802754
474.561836315798
474.458992173659
 474.35341628954
474.244956915024
474.133630699008
474.019280521986
473.901923697499
473.781397879846
473.657720961708
473.530725559817
473.400430044122
473.266662230308
473.129440845212
472.988589192235
472.844126213819
472.695871046642
472.543842683866
472.387856502572
472.227931355128
472.063879332659
471.895718925211
471.723259483291
471.546518879252
471.365304345432
471.179632842988
470.989310191295
470.794352103843
470.594563780969
470.389959303574
470.180344141886
 469.96573030466
 469.74592452263
469.520936231189
469.290574521047
469.054845683383
468.813562384958
468.566727123136
468.314157481921
468.055851426081
467.791632932598
467.521494593701
467.245268400226
466.962940616917
466.674353026571
466.379484480439
466.078188502582
465.770435294956
465.456092259759
465.135119542067
464.807400766059
464.472884414587
464.131472907963
463.783101232783
463.427693438264
463.065168914944
462.695476467099
462.318517478739
 461.93426897185
461.542611547923
461.143554299773
460.736953837178
 460.32285563562
 459.90108858624
459.471739404951
459.034604912811
458.589818582454
458.137140052076
457.676755873008
457.208382448635
456.732266731459
456.248074663929
455.756122184449
455.256016057983
454.748151413459
454.232065197027
453.708244050741
453.176141925301
452.636352125767
452.088229014175
451.532491572321
450.968373251809
450.396743150229
449.816685732683
449.229252515303
448.633340877481
448.030228895552
447.418573170685
446.799941147782
446.172669187272
445.538708079098
444.895948304475
444.246873902329
443.588710953706
442.924736364533
442.251068903032
441.572273072694
440.882151199054
440.187413835719
439.471619855992
438.093708821352
437.282876156421
436.538798856691
435.791418591297
435.048039401803
434.295788455547
433.542781622075
432.781090472889
432.017319470453
431.245425448674
430.470963214508
429.688930447952
428.904165928143
428.112340866152
427.317782584385
426.516638443439
425.712853949702
424.902932992411
424.090525331404
423.272413031976
422.451964410335
 421.62632118248
420.798484543593
419.965939869106
419.131380464385
418.292581690894
417.451974346498
416.607582206892
415.761609006324
414.912294041994
  414.0616422087
413.208081791135
412.353441706162
411.496317457116
410.638380785126
409.778376283974
408.917834198479
408.055632913079
407.193174419839
406.329457823746
405.465768184797
404.601214038796
403.736973300762
402.872254085442
402.008135715892
 401.14391720695
400.280586842032
399.417526822869
398.555641128677
 397.69438823631
 396.83459388553
395.975786586579
395.118719351051
394.262985044768
393.409269003683
392.557223248917
391.707470111575
390.859715974391
390.014524515627
389.171652033973
388.331607639766
387.494193401293
386.659867721446
385.828474550294
  385.0004252546
 384.17560200271
383.354372636663
382.536654074944
381.722774010712
380.912680815284
380.106665293487
379.304704122082
378.507054379757
377.713718033376
376.924921513467
376.140689178374
375.361219816094
374.586557381352
373.816875962835
373.052236408681
372.292790997474
371.538614850053
370.789841277167
370.046557125342
369.308879538829
368.576904609049
367.850736079313
367.130476864835
366.416220042195
365.708072983263
 365.00612080462
364.310473016584
363.621209458406
362.938439505111
362.262240380301
361.592719090488
360.929952887154
360.274044212084
359.625072972626
 358.98313488347
358.348315122817
357.720700546918
357.100384209268
356.487442004807
355.881977458656
355.284053427725
354.693786499481
354.111224440143
353.536499487165
352.969642285547
352.410803309958
351.859994074032
351.317385879264
 350.78296911655
 350.25693850915
 349.73926135118
349.230158391095
348.729571868187
348.237751171392
347.754611541932
347.280433640011
  346.8151037793
346.358936541445
345.911787395922
345.474007519587
345.045419633183
344.626414210711
344.216779331168
343.816947500708
343.426670274702
343.046424964869
342.675924732062
 342.31569451122
341.965407208895
341.625638251403
341.296018442719
340.977176626072
340.668699666874
340.371272815698
340.084437176918
339.808937471953
339.544267236873
339.291233809522
339.049281367948
338.819283103974
338.600632068473
338.394270647631
338.199539020478
338.017452222976
337.847295847086
337.690161162253
337.545277493636
337.400410933323