2162016.18900744
2162012.19990671
2162058.89158295
2162083.54348108
2162107.01110858
2162134.02820366
2162147.66206843
 2162170.6283086
2162177.86196143
2162195.28405607
2162197.04933745
2162208.64008228
2162205.22533205
2162210.97886641
2162202.49327462
2162202.45567534
2162188.94606171
2162183.15908362
2162164.63985019
2162153.12766815
2162129.58895153
2162112.35547193
2162083.76572289
2162060.79439436
2162027.10144228
2161998.35556726
2161959.48719066
2161924.91025079
2161880.77451754
2161840.29040019
2161790.77585032
2161744.28895538
2161689.26465155
2161636.65987888
 2161575.9753357
2161517.11795819
2161450.60295761
2161385.33838461
 2161312.8026827
2161240.95611798
2161162.18904689
2161083.56504425
2160998.33501229
 2160912.7169311
2160820.77082308
2160727.92018532
2160628.98266425
2160528.63841377
2160422.41112473
2160314.28878893
2160200.44946487
2160084.24021842
 2159962.4416876
2159837.81131729
2159707.68041114
2159574.26818055
2159435.40454055
2159292.82195284
2159144.79673465
2158992.62619125
2158834.98066388
2158672.77401691
2158505.01805449
2158332.29505005
2158153.90551347
 2157970.1521231
2157780.57112872
2157585.23776586
2157383.87083819
2157176.37045654
2156962.58456168
2156742.29063223
2156515.41208901
2156281.65645237
2156040.96871791
2155793.03930881
 2155537.7806353
2155274.91907604
2155004.28003591
 2154725.6790958
2154438.79997231
2154143.60089036
 2153839.5689312
2153526.85859966
2153204.70513138
2152873.51313811
2152532.21053972
2152181.50606795
2151819.96460259
2151448.65318728
2151065.71769161
 2150672.6378322
2150267.08426394
2149851.00389451
2149421.53573956
 2148981.1485582
2148526.39309989
2148060.31476037
2147578.81921469
2147085.58338498
2146575.81090717
2146053.86520087
2145514.19077037
2144961.89255891
2144390.59875163
2143806.21086713
2143201.48352595
2142583.16986686
2141943.09368403
2141288.91473814
2140611.46876522
2139919.37706741
2139202.43017191
2138470.26571692
2137711.57200749
2136937.05764144
2136134.25188704
 2135314.9887048
2134465.58177695
2133599.04455641
2132700.41892754
2131783.95163594
 2130833.3569712
2129864.16838303
2128858.71726717
2127833.87673781
  2126770.540584
2125686.97402765
2124562.57922161
2123417.06533773
2122228.28972134
2121017.45630174
2119760.82716145
2118481.14211309
2117153.06220365
2115800.68719887
2114397.66780874
2112968.53846617
2111486.72141627
2109976.79334541
2108412.10649652
 2106817.1910281
2105165.39712605
2103481.14670207
2101737.84815854
2099959.75601258
2098120.39665626
2096243.79863731
2094303.66616334
 2092323.7437432
2090277.97327335
2088189.75775495
2086033.33664036
2083831.71466678
2081559.48864241
 2079239.2091134
2076845.88991177
2074401.57241375
2071881.74694319
2069307.89179624
2066656.03298559
 2063947.0330065
2061157.51241278
 2058307.6664866
2055374.76875492
2052378.29729911
2049296.23655426
 2046147.2989486
2042910.23718586
2039602.95122793
2036205.01875617
2032733.48218607
2029168.80015892
2025527.11427872
2021789.81932981
2017972.11472143
2014056.38569705
2010056.85001857
2005956.93677608
2001769.84458967
1997480.09880193
1993099.84335744
1988614.75123371
1984035.87810063
1979350.09490176
1974567.33730876
1969675.72350086
1964684.03920712
1959581.69806224
1954376.30754858
 1949058.6239649
1943635.04969596
1938097.72997349
1932451.83644535
1926690.94871736
1920818.98296886
1914830.99795443
1908729.63018581
1902511.46189635
1896177.82580609
1889726.87180902
1883158.60423036
1876472.78504721
1869668.06443959
1862745.86163481
1855703.44496406
1848543.93746539
1841263.19498927
1833866.09317163
1826347.04063575
1818712.71769884
1810956.04544052
1803085.56561709
1795092.66407176
1786987.80721783
1778760.78832138
1770424.07046363
1761965.78444143
 1753400.4738891
1744714.52091162
1735924.64958039
1727015.38573455
1718005.75537616
1708878.29232851
1699654.47540797
1690314.67297909
1680883.00798059
1671337.45852607
 1661705.0394761
1651961.04230388
1642135.70221386
1632201.22487146
1622191.51246263
 1612075.1326679
1601890.28068576
1591601.09550733
1581250.97571302
1570798.44620434
 1560293.4956385
1549687.14165017
1539038.20602628
1528286.88162543
1517504.74809209
1506614.41411056
1495707.74739452
1484671.25863817
1473630.21165793
 1462313.4408828
1440968.23804866
 1428611.0590187
1417336.37611856
1406074.17220365
1394934.38395391
1383724.51173759
1372566.67317362
1361344.36456884
1350156.22093768
1338914.79272352
1327702.30389857
1316447.39735509
1305220.99437541
1293962.18852691
1282733.72854938
1271482.12403163
1260263.93342431
1249031.24064779
 1237835.7293692
1226633.84923688
1215472.70446929
 1204314.1167026
1193199.53356647
1182095.81280264
1171039.66090365
1160002.13615994
1149015.90729234
1138055.58451282
1127150.35029044
1116277.85249877
1105464.22866551
1094689.74887267
1083977.86521355
1073311.12891158
 1062710.6042311
1052160.83962204
1041680.76148974
1031256.67629522
1020905.58534959
1010615.34942358
 1000401.2280511
 990252.46122473
980182.726426609
970182.491127198
960263.991369323
950418.789617268
940657.805437982
 930973.57985771
921375.827987815
911857.966486277
902428.607218214
893081.950993824
883825.598523485
874654.453074585
865575.188530226
856583.337337766
 847684.72420582
838875.444771453
830160.546428733
821536.628357755
813008.027423043
804571.792251833
796231.611477085
 787984.93395704
779834.858388425
771779.188952641
763820.489104523
755956.877259432
748190.433059226
740519.551460851
732945.876739184
725468.045731995
718087.313050398
710802.525466127
703614.591093082
696522.537126325
689526.965991411
682627.057988769
675823.148464044
669114.545483088
662501.353859622
655982.985873262
649559.350419666
643229.942060411
636994.506568147
630852.600324414
624803.837062009
618847.815856237
612984.047871307
607212.156965559
601531.579688864
595941.947879192
590442.649999949
  585033.3100748
579713.293669648
574482.202120947
569339.402032342
564284.458020634
559316.760491744
554435.824077278
549641.084661108
544931.994323936
540308.055095227
535768.644577032
 531313.35068393
526941.465192708
522652.680794252
518446.192622136
514321.816265741
510278.639877417
506316.619377809
502434.726035024
498633.072924092
494910.504918749
491267.308542139
487702.193117603
 484215.63446203
480806.197510116
477474.562852003
474219.142479581
471040.836953517
467937.897021879
464911.458216249
461959.601964012
459083.713658833
 456281.69752871
453555.203702147
450901.951503521
448323.870744195
445818.488293866
443388.028767991
441029.819165825
438746.394304589
436534.874017702
434398.119106694
  432333.0350524
430342.824923732
 428424.17276376
 426580.64081638
424808.684700622
423112.243500926
421487.537527705
419938.901274417
418462.312969627
417062.522145811
415735.258304661
414485.706883013
413309.342165845
412211.807789346
411188.316525287
410244.994147737
409376.785862583
408511.200500213