576.771973114011
576.772599391428
576.773074680659
576.773150381145
576.772943756888
576.772415320791
576.771577428216
576.770441010619
576.768992715454
576.767254497901
576.765207011534
576.762873495266
576.760233515852
576.757309233734
576.754080343905
576.750567398472
576.746750513349
576.742648553075
576.738242115807
576.733548405817
576.728548505988
576.723258008792
576.717658468523
576.711763914606
576.705556354313
576.699048298149
576.692222185348
576.685089046051
576.677631728315
576.669859814872
576.661756537278
576.653330058413
576.644563965616
 576.63546502429
576.626017147237
576.616225719846
576.606074947213
576.595568847545
576.584691882031
576.573446710209
 576.56181800995
 576.54980708667
576.537398792153
 576.52459307865
576.511374925615
 576.49774292993
576.483682148868
576.469189819024
576.454251021916
576.438861626682
576.423006681655
576.406680679564
576.389868574098
576.372563471332
576.354750164607
576.336420362262
576.317558627079
576.298155258223
576.278194512847
576.257665269584
576.236551399627
576.214840350244
576.192515520593
576.169562916688
576.145965373246
576.121707446529
576.096771307428
576.071140055771
576.044795091519
576.017718053657
575.989889455586
575.961289473795
575.931897610063
575.901692580016
575.870652738358
575.838755345353
 575.80597746174
575.772294902451
575.737683274827
575.702116963746
575.665569950001
  575.6280152098
575.589424909237
575.549770644284
575.509022561889
575.467150914328
575.424123607241
575.379909595068
575.334474300785
575.287785437521
575.239805683458
575.190501579132
575.139832773368
575.087764716686
575.034253719776
574.979264241468
574.922748919463
574.864671337017
574.804980095913
574.743638040045
574.680589342132
574.615796265513
574.549198128244
574.480756797247
574.410406275445
574.338108245848
574.263790898334
574.187415976142
574.108905318038
574.028221006845
573.945277949092
573.860038885674
573.772411163594
573.682358543656
573.589780136631
573.494641133012
573.396831677715
573.296318853635
573.192983053584
573.086793773868
572.977620808422
572.865436652071
572.750099588405
572.631585766243
572.509740978254
572.384545759826
572.255832358375
572.123586512757
571.987625792092
571.847942047766
 571.70433695328
571.556809483763
571.405144101736
571.249348069038
571.089187020521
570.924678824665
570.755568653931
570.581881325954
570.403348021391
570.219996469685
570.031544938675
569.838023700204
569.639138112044
569.434920946032
569.225064603166
569.009604329283
568.788219571712
568.560948011174
568.327456209565
568.087784225517
 567.84158587724
 567.58890352355
567.329378462452
567.063055251381
566.789562981957
566.508948281394
566.220828448105
565.925252019088
565.621825021533
565.310597706699
564.991165471174
564.663580044529
564.327426962227
563.982759150244
563.629153191851
563.266662875341
562.894856891156
562.513789496638
562.123022710507
561.722610798828
561.312110503149
560.891575561998
560.460559019822
560.019113465416
559.566790024209
559.103639415852
558.629212835835
558.143558305288
557.646229303371
 557.13727019895
556.616239207216
 556.08317595033
555.537646085724
554.979683235181
554.408863474615
553.825212991414
553.228321543852
552.618206246474
551.994474110842
551.357131308155
550.705806003037
550.040491289001
549.360840737165
548.666831928452
547.958148476346
547.234749670997
546.496354220398
545.742899952553
544.974146178786
544.190005641599
543.390284269987
542.574865575946
541.743608685738
540.896363130879
540.033048453629
539.153474749573
538.257629927046
537.345278362343
536.416485127511
535.470961617538
534.508859861143
533.529829843545
532.534121528128
531.521313658495
530.491766541709
529.444976141456
528.381427271045
527.300519475862
526.202878419712
525.087790971411
523.956042747667
522.806788363307
521.640996037302
520.457664273743
519.257971190059
518.040729693837
516.807361311548
515.556456291177
 514.28972158516
513.005477240583
511.705769612927
510.388586048999
509.056383638996
507.706732342055
506.342597464718
504.961012381355
503.565589354012
502.152648951431
500.726658049703
499.282946019403
497.827165713717
496.353171398297
494.868375984306
493.364178226965
491.850845361079
490.314644838701
488.770597231957
487.182298316539
484.132083224675
482.341658804062
 480.70155740409
479.056987366218
477.424016905188
475.774396011325
474.125976690241
472.461456674602
470.795330530763
469.114474537026
467.431046994794
465.734234045146
464.034595456076
462.322814221139
460.608303799888
458.882807030446
457.154877551001
455.417053088006
453.677217600298
 451.92853005114
450.178239816875
448.420296037287
446.661134904462
444.895456094867
 443.12901393848
441.357139261711
439.585005223566
437.808481237587
436.032238017028
434.252610248638
432.473828972411
430.692634951493
428.912870478518
427.131633789409
425.352420389299
 423.57264549009
421.795492871714
420.018660536381
418.245050219407
416.472613515187
414.703995544081
412.937376288916
411.175166290605
409.415751953827
407.661328539526
405.910469559276
404.165172069154
402.424179565693
400.689306152797
398.959450019677
397.236256067121
 395.51876342349
 393.80846028668
392.104514274263
390.408268337785
388.719007245974
387.037939283024
385.364455985073
383.699640805742
382.042982488672
380.395448862154
378.756617032559
377.127347867485
375.507298615179
373.897231381532
372.296875882842
370.706903258623
369.127108501184
367.558079226787
365.999668937907
364.452388861284
362.916144622313
361.391377918303
359.878040447972
358.376510995619
356.886781585962
355.409174488269
353.943716577548
352.490679808906
351.050120676808
349.622266844152
348.207199415546
346.805107620299
345.416092364857
344.040310153746
342.677877069842
341.328922463735
339.993573136219
338.671936727323
337.364146449892
336.070293558792
334.790513512967
 333.52488639819
332.273545882051
331.036565996049
329.814074697157
328.606144983836
327.412895292051
326.234402522224
325.070771879265
323.922089021558
 322.78844230549
321.669930931584
320.566622875663
 319.47863559993
318.406013246412
317.348896201268
316.307301392188
315.281396741803
314.271168649907
313.276817146163
312.298294850575
311.335838436551
310.389363549096
309.459148016698
308.545067366199
307.647445076063
306.766113459497
305.901446132761
305.053229143596
304.221890736789
303.407167682703
302.609547358823
301.828714282663
301.065219493234
300.318692313114
299.589752008344
298.877969795105
298.184037781427
 297.50746619389
296.849024660661
296.208159561911
 295.58572280213
294.981094083318
294.395212436402
293.827388077705
293.278652125906
292.748242528384
292.237287582862
291.744950209571
291.272461126935
290.818905496695
290.385621872334
289.971614955663
289.578336746822
289.204708820553
288.852302459403
288.519953484426
288.209358550552
287.919265147334
 287.65150167926
287.404724785911
287.158082914638