1.239087789873756160e-02
1.239473583174033680e-02
1.239675236532598521e-02
1.239680270108074224e-02
1.239505531307021763e-02
1.239139423381549129e-02
1.238598041660505036e-02
1.237870651056834082e-02
1.236972603010291945e-02
1.235894001091879593e-02
1.234649463082435755e-02
1.233229906803996571e-02
1.231649228476344032e-02
1.229899134519840155e-02
1.227992813392249534e-02
1.225922733365273840e-02
1.223701390475533113e-02
1.221321987149229411e-02
1.218796343732209651e-02
1.216118368296101836e-02
1.213299223470347930e-02
1.210333493781661288e-02
1.207231703222603168e-02
1.203989083027870617e-02
1.200615538605493207e-02
1.197106917712463005e-02
1.193472528071459586e-02
1.189708803449536154e-02
1.185824475510208892e-02
1.181816533297855992e-02
1.177693154656227550e-02
1.173451853054007128e-02
1.169100275259836973e-02
1.164636428287942581e-02
1.160067450979541080e-02
1.155391813078924211e-02
1.150616168953890253e-02
1.145739420410271138e-02
1.140767761011482473e-02
1.135700494181772317e-02
1.130543376478179186e-02
1.125296082799034925e-02
1.119963956541024722e-02
1.114547014299497457e-02
1.109050210128804774e-02
1.103473872975228171e-02
1.097822591269597380e-02
1.092096977453105994e-02
1.086301277886107808e-02
1.080436360193367043e-02
1.074506151990011101e-02
1.068511748367972740e-02
1.062456781236942489e-02
1.056342546080643423e-02
1.050172401804234414e-02
1.043947817890875963e-02
1.037671902553898538e-02
1.031346273604655771e-02
1.024973810443798559e-02
1.018556254295032576e-02
1.012096277150394998e-02
1.005595719516142253e-02
9.990570668668633317e-03
9.924822356746984195e-03
9.858735452408121797e-03
9.792329655234018743e-03
9.725626694162837690e-03
9.658646587411525569e-03
9.591409791451215722e-03
9.523936435653718169e-03
9.456245889332392726e-03
9.388358194421769776e-03
9.320291811877438187e-03
9.252066506605932314e-03
9.183700003313116644e-03
9.115211609373886220e-03
9.046618478506251310e-03
8.977939289195836434e-03
8.909190782461339636e-03
8.840390845720911758e-03
8.771555958508101339e-03
8.702703064183870893e-03
8.633848524860193024e-03
8.565008196025411871e-03
8.496198459230476507e-03
8.427433947413603965e-03
8.358731191192535215e-03
8.290103475358384655e-03
8.221567601982570500e-03
8.153135391115279643e-03
8.084824031439969555e-03
8.016643770578891007e-03
7.948612291789246276e-03
7.880738171370924375e-03
7.813039687970256206e-03
7.745523656331868879e-03
7.678209044228086547e-03
7.611100823129815160e-03
7.544218736678041590e-03
7.477565839704078225e-03
7.411162731565757410e-03
7.345010485265677375e-03
7.279130628946576219e-03
7.213522196581081264e-03
7.148207711512687482e-03
7.083184119269772192e-03
7.018474998300871029e-03
6.954075163850689627e-03
6.890009303017948297e-03
6.826270066276762458e-03
6.762883296725361211e-03
6.699839452701128288e-03
6.637165574628670593e-03
6.574849908222928085e-03
6.512920726721918921e-03
6.451364049364850979e-03
6.390209412041309919e-03
6.329440600038987660e-03
6.269088436286799140e-03
6.209134470761677738e-03
6.149610832574583727e-03
6.090496840882633420e-03
6.031825945087769536e-03
5.973575243597603959e-03
5.915779515396778557e-03
5.858413653518429291e-03
5.801513771225415457e-03
5.745052576578433927e-03
5.689067517442738739e-03
5.633529142055579073e-03
5.578476229065314207e-03
5.523877196499969028e-03
5.469772146058584847e-03
5.416127400120650769e-03
5.362984369730522567e-03
5.310307906892015699e-03
5.258138960514988601e-03
5.206442722376632831e-03
5.155259036946482909e-03
5.104553529846009470e-03
5.054364875632426368e-03
5.004659221002181677e-03
4.955474012033200468e-03
4.906775997093156677e-03
4.858601341864695125e-03
4.810917470559677653e-03
4.763759222942290719e-03
4.717094767034300459e-03
4.670957577289532037e-03
4.625316627518289044e-03
4.580203993339112926e-03
4.535589510565997927e-03
4.491503828058017976e-03
4.447917694310867497e-03
4.404860308833027753e-03
4.362303378171283885e-03
4.320274634957101470e-03
4.278746784079081114e-03
4.237746078561434836e-03
4.197246257077537172e-03
4.157272084842292964e-03
4.117798365140202567e-03
4.078848371436068036e-03
4.040397998066144747e-03
4.002469026800287502e-03
3.965038465311459225e-03
3.928126607462590313e-03
3.891711592621276659e-03
3.855812234004036328e-03
3.820407817330769527e-03
3.785515685647400114e-03
3.751116282207916409e-03
3.717225493325402447e-03
3.683824927715254483e-03
3.650929031108146681e-03
3.618520582571906584e-03
3.586612605873346592e-03
3.555189052501724154e-03
3.524261545107227906e-03
3.493815207057543795e-03
3.463860282728260104e-03
3.434383064415915364e-03
3.405392442830268689e-03
3.376875874040935217e-03
3.348840921245708688e-03
3.321276197120188404e-03
3.294187964834190477e-03
3.267565984680034178e-03
3.241415248405717965e-03
3.215726653291837642e-03
3.190503949192340961e-03
3.165739158285016484e-03
3.141434818786255617e-03
3.117584064387107692e-03
3.094188252466718858e-03
3.071241613715342596e-03
3.048744355842404521e-03
3.026691791048557144e-03
3.005083008740148769e-03
2.983914386312539520e-03
2.963183926275407814e-03
2.942889054216227609e-03
2.923026717043898659e-03
2.903595370980519876e-03
2.884590938378423820e-03
2.866012888105705109e-03
2.847856148618958458e-03
2.830121183127871053e-03
2.812801956348579945e-03
2.795899907318943629e-03
2.779408066551963298e-03
2.763328830289322330e-03
2.747654323657642769e-03
2.732387881456361644e-03
2.717520751429353381e-03
2.703057188346296921e-03
2.688987589676280782e-03
2.675317111701480937e-03
2.662035327756160415e-03
2.649148277369130743e-03
2.636644734849633454e-03
2.624531604952070902e-03
2.612796886988469781e-03
2.601448333206296017e-03
2.590473190824615045e-03
2.579880042174448069e-03
2.569655404131344391e-03
2.559808672048637015e-03
2.550325653032067211e-03
2.541216538760332141e-03
2.532466445956676245e-03
2.524086346299359886e-03
2.516060684329614761e-03
2.508401195768338119e-03
2.501091669998165880e-03
2.494144591183218920e-03
2.487543109413751109e-03
2.481300442034882741e-03
2.475399114583342469e-03
2.469853062631044167e-03
2.464644200812425925e-03
2.459787168242051972e-03
2.455263281265202165e-03
2.451087868078469147e-03
2.447241658372085755e-03
2.443740655132593809e-03
2.440565012118816376e-03
2.437731392920446452e-03
2.435219385255840870e-03
2.433046299165003441e-03
2.431191165470911793e-03
2.429671926465799478e-03
2.428467064572157642e-03
2.427595140004306165e-03
2.427034094733188097e-03
2.426803092338820130e-03
2.426879541856137058e-03
2.427283195346887669e-03
2.427990936112775066e-03
2.429023089377604049e-03
2.430356019728221063e-03
2.432010609680435986e-03
2.433962712076033572e-03
2.436233750181524861e-03
2.438799072157786432e-03
2.441680624682729481e-03
2.444853258544533742e-03
2.448339425562971912e-03
2.452113844485608735e-03
2.456198380065772839e-03
2.460568693562396967e-03
2.465245704261163299e-03
2.470205998021040433e-03
2.475469554774438734e-03
2.481013866176946369e-03
2.486857978378593723e-03
2.492980270497326470e-03
2.499398859551511896e-03
2.506092994178106721e-03
2.513079866103338882e-03
2.520339575845449796e-03
2.527888392983756918e-03
2.535707252493718533e-03
2.543811504383190585e-03
2.552182900776099606e-03
2.560835874246286063e-03
2.569752976768363475e-03
2.578947725320287609e-03
2.588403454330577037e-03
2.598132766865289545e-03
2.608119762195868375e-03
2.618376131157610330e-03
2.628886719919665098e-03
2.639662308921836113e-03
2.650688472827122076e-03
2.661975083831453516e-03
2.673508426100795060e-03
2.685297466222198986e-03
2.697329178154860702e-03
2.709611626166657378e-03
2.722132453446573196e-03
2.734898826062877753e-03
2.747899034879869220e-03
2.761139352894125074e-03
2.774608695960426898e-03
2.788312450321169065e-03
2.802240132865701627e-03
2.816396250772846156e-03
2.830770896597859139e-03
2.845367707704886135e-03
2.860177325391758014e-03
2.875202528201384420e-03
2.890434477554492364e-03
2.905875106097512324e-03
2.921516064917278454e-03
2.937358455806458272e-03
2.953394387084818436e-03
2.969624147037813050e-03
2.986040266671507494e-03
3.002642240599006241e-03
3.019422985718272969e-03
3.036381225475621570e-03
3.053510223488004743e-03
3.070807957390808609e-03
3.088267995841968358e-03
3.105887599048242752e-03
3.123660596403812079e-03
3.141583562267460331e-03
3.159650539722133698e-03
3.177857452224633686e-03
3.196198506646863273e-03
3.214669014016224673e-03
3.233263292139028355e-03
3.251976081767222505e-03
3.270801755737774274e-03
3.289734530509973078e-03
3.308768774912821536e-03
3.327898231063969314e-03
3.347117201534848853e-03
3.366419008151185725e-03
3.385797821700611485e-03
3.405246601985960006e-03
3.424759319153863803e-03
3.444328633582634681e-03
3.463948242547541193e-03
3.483610574028545449e-03
3.503308976796889150e-03
3.523035717974192568e-03
3.542783718777585932e-03
3.562545161596809579e-03
3.582312457627169922e-03
3.602077785297790741e-03
3.621832959912437908e-03
3.641570241398761013e-03
3.661280759929746997e-03
3.680956947105410142e-03
3.700589155409489319e-03
3.720170083012478476e-03
3.739689208900275150e-03
3.759139597427606401e-03
3.778509755112748579e-03
3.797793216796086987e-03
3.816977414507157808e-03
3.836056462512829265e-03
3.855016613413198446e-03
3.873852674412176823e-03
3.892549610974923788e-03
3.911103041230531117e-03
3.929496533217806918e-03
3.947726638341021894e-03
3.965775414539377160e-03
3.983640473063766209e-03
4.001302246929155926e-03
4.018759537859635522e-03
4.035991037227881426e-03
4.052996871719651006e-03
4.069753872740396183e-03
4.086263630066490869e-03
4.102500995520803190e-03
4.118469163488942472e-03
4.134140885652865839e-03
4.149521105634346521e-03
4.164580353852874277e-03
4.179325470588470329e-03
4.193724643726565345e-03
4.207786760076488546e-03
4.221477544015962875e-03
4.234808080823131669e-03
4.247741511176288988e-03
4.260291272414280621e-03
4.272417802627478077e-03
4.284137046006693608e-03
4.295406621029024957e-03
4.306245134236750399e-03
4.316607269931329108e-03
4.326514452683507053e-03
4.335918321160893256e-03
4.344843273245599033e-03
4.353237794301116452e-03
4.361129409795852681e-03
