505.519591974624
505.519898677033
 505.52013495835
505.520181239343
505.520092299782
505.519850646384
505.519461160548
505.518929725403
505.518249622269
505.517431537094
505.516466212991
505.515364775879
505.514117574254
 505.51273517182
505.511208026053
505.509545929252
505.507739561811
505.505797920294
505.503711928839
 505.50148980489
505.499122714474
 505.49661811961
505.493967420414
505.491177346469
505.488239522224
505.485159965466
  505.4819305142
505.478556492498
505.475029940335
505.471355503701
505.467525412153
505.463543646944
505.459402613999
505.455105641063
505.450645296314
505.446024263275
505.441235257299
505.436280325166
505.431152313294
505.425852637552
505.420374258198
505.414717964519
505.408876812183
505.402850966877
505.396633559959
505.390224135295
505.383615878822
505.376807713319
505.369792856702
505.362569610506
505.355131200422
505.347475305853
505.339595134331
505.331487741675
505.323146289462
505.314567208075
505.305743583317
505.296671218063
505.287343090338
505.277754373384
 505.26789790306
505.257768220997
 505.24735798391
505.236661100165
505.225670007527
505.214377979975
505.202777193436
505.190860287127
505.178619128875
505.166045723732
505.153131581484
505.139868074832
505.126246301563
505.112257005321
505.097890813553
505.083137845911
505.067988196384
505.052431367784
505.036456852316
505.020053545547
505.003210263918
504.985915308154
504.968156738808
504.949922277421
 504.93119914186
504.911974493848
504.892234614557
504.871966129484
504.851154281272
504.829785187595
504.807842942285
504.785313189025
504.762178753434
504.738424845159
504.714032892363
504.688987717504
504.663269211442
504.636861864019
504.609743877524
504.581899472398
504.553304998811
504.523944480665
504.493792239254
504.462832185544
504.431036421013
504.398388839231
504.364859115685
504.330431235326
504.295072225143
 504.25876628489
504.221477553027
504.183190583722
504.143866368105
504.103489972204
 504.06201896092
504.019439089227
503.975704195381
503.930800921965
503.884679057166
503.837326353506
503.788688201071
503.738753710577
503.687463499691
503.634808313915
503.580723596107
503.525202034089
503.468173463546
503.409632855887
503.349503975275
503.287784454712
503.224391488257
503.159325789034
503.092497442916
503.023910721045
502.953467943789
502.881177885134
502.806934460637
502.730749371051
502.652510857834
502.572231863178
502.489795397737
502.405215488244
 502.31836991952
 502.22927377378
502.137799595813
502.043963498332
501.947632791105
501.848824585085
501.747400984897
 501.64338005826
501.536618762489
501.427136070093
501.314783879896
501.199582005349
501.081377409796
500.960190670387
500.835863975537
500.708418573785
500.577692080228
500.443706305536
500.306294537863
500.165479021722
500.021089013317
499.873147041369
499.721478677783
499.566106561924
499.406852985907
499.243740499388
 499.07658858045
498.905419458677
498.730050329724
498.550502839161
498.366592502445
498.178340079614
497.985560083819
497.788272045991
497.586290235806
 497.37963256444
497.168113903476
496.951750100951
496.730357568241
496.503949587766
496.272345147483
496.035554395427
495.793400038756
495.545888447888
495.292847305237
495.034278476621
494.770015997605
494.500056408046
494.224241605836
493.942561876939
493.654868632752
493.361144856777
493.061253279411
492.755168396181
492.442766230657
492.124011448896
491.798795527392
 491.46707178292
491.128749510364
 490.78376895268
490.432059818556
490.073547316408
489.708184423557
 489.33587907921
488.956610679698
488.570267340657
488.176858368125
487.776249124162
487.368482711458
486.953398363728
486.531077334079
486.101328821964
485.664277141397
485.219696911242
484.767761089405
484.308204387349
483.841254813167
483.366600881398
482.884533078952
482.394686230249
481.897422018498
481.392312556663
480.879801093388
480.359386034779
479.831604718983
479.295868248493
478.752823443338
478.201776997959
477.643504511609
477.077186307343
476.503751516602
475.922225177761
475.333722561974
474.737074173356
474.133625745228
473.521957857185
472.903709246074
472.277128326877
471.644239146014
471.002827028122
470.355445022787
469.699184291174
469.037363439066
468.365895617871
467.689254633915
467.000751128831
466.306078553961
465.585108124045
464.384507844233
463.470352499281
462.720953525748
461.975022336213
 461.23617636426
 460.48944027711
459.743016551668
 458.98833649071
458.232218387448
457.468276705659
456.702246853097
 455.92889878156
455.153213745646
454.370695020677
453.585781997465
452.794491070167
452.000856300322
451.201276027987
450.399420844958
449.592133846726
448.782646525411
447.968210714508
447.151697728783
446.330697064272
445.507778676565
 444.68081632501
443.852123498622
443.019817021344
442.185988962495
441.348966681962
440.510648729309
439.669546804536
438.827388532298
437.982848490679
 437.13750196055
436.290168545049
435.442286675654
434.592805926189
433.743040965656
432.892058486865
432.041060582616
431.189219969302
430.337635833447
429.485577236192
428.634048906897
 427.78240772691
426.931571426893
426.080977133054
425.231462226442
 424.38253728976
423.534965338304
422.688324280229
421.843308199383
420.999556751054
420.157700065912
419.317434435674
418.479330636182
  417.6431368827
 416.80936887701
415.977822385233
415.148962049557
414.322627106577
413.499234929459
412.678664397144
 411.86128921563
411.047024296694
410.236203121592
409.428773215618
408.625031142738
407.824953788518
407.028803992586
406.236584893081
405.448528700895
404.664661827015
403.885188866309
 403.11015663578
402.339745056245
401.574018583812
400.813135346774
400.057174762112
399.306275995391
398.560530825212
397.820062239882
397.084971850876
396.355369216751
395.631363316237
394.913052993135
394.200552184494
 393.49395170658
392.793368096825
392.098886807577
391.410624664724
390.728664400389
390.053120858579
389.384076678287
388.721642488971
388.065903450052
387.416963777939
386.774913755339
386.139849018159
385.511867567257
384.891054318819
384.277517581381
383.671329437875
383.072611091289
382.481419701188
381.897891951653
381.322068010086
 380.75410263087
380.194016939877
379.641986356323
 379.09801093289
378.562289356408
378.034798590845
377.515763204721
377.005135072491
376.503167272996
376.009784603829
375.525271300853
375.049523109744
374.582858091855
374.125140977219
373.676726346972
 373.23744596227
372.807693648482
372.387266254463
371.976599609125
371.575453714947
371.184309203677
370.802887306417
370.431716302549
370.070476735844
369.719747429664
369.379166333817
369.049365770129
368.729939197711
 368.42157545667
 368.12382162957
367.837426167837
367.561887903973
367.298018075653
367.045265406116
366.804507185615
366.575140185902
366.358111118135
366.152762980763
365.960115387786
365.779455767275
365.611880244651
365.456618910808
365.301385336589