 1876972.6167991
1876969.64411844
1877011.88142073
1877034.50809348
1877055.71722843
1877079.75938389
1877091.96757812
 1877111.8238087
1877117.97496048
 1877132.4203933
1877133.28742403
1877142.11408604
 1877137.9366383
1877141.15909689
1877132.03264301
1877129.70087616
1877115.66989216
1877107.82585142
1877088.90670896
1877075.57477549
1877051.76183818
1877032.94716926
1877004.21478166
1876979.90340124
1876946.20678762
1876916.36597739
1876877.64177483
1876842.22043407
1876798.38704007
1876757.31594404
1876708.27372868
1876661.46567576
 1876607.0970765
1876554.44692753
1876494.61643633
1876436.00105139
1876370.55510062
1876305.83317859
1876234.59993087
1876163.61175582
 1876086.4008019
 1876008.9678998
1875925.56986756
1875841.49457601
  1875751.680653
1875660.74560585
1875564.26697715
1875466.23450538
1875362.82170798
1875257.43315767
1875146.79535194
1875033.77031971
1874915.59447827
  1874794.629964
1874668.57997774
1874539.34945432
 1874405.0651551
1874267.21755426
1874124.31365338
1873977.47226673
 1873825.5372082
1873669.29850218
1873507.89322941
1873341.82557268
1873170.48220716
 1872994.1245089
1872812.34493931
1872625.20519669
1872432.45957675
1872234.01332986
1872029.73848317
1871819.42717565
1871603.02490585
 1871380.2541494
1871151.08945405
1870915.22719526
1870672.62638176
1870423.00096972
1870166.24967203
1869902.14782529
1869630.48892024
1869351.15359223
1869063.78501448
1868768.41315649
1868464.48561185
1868152.22583331
1867830.84041016
1867500.79053639
1867160.99621581
1866812.20074387
1866452.99180952
1866084.43926371
1865704.75261338
1865315.37280242
 1864914.0851638
1864502.74634284
1864078.67139726
1863644.17733886
1863196.06275755
1862737.14973673
1862263.67413568
1861779.00783564
1861278.77765618
1860766.95000264
1860238.49632657
1859698.02226024
1859139.79756998
1858569.11176844
1857979.48666432
1857376.94022651
1856754.20011565
1856118.05722426
1855460.39899733
1854788.83357664
1854094.36229127
1853385.45468045
1852652.18027272
1851903.91393722
1851129.74798507
1850340.00629155
1849522.75885716
1848689.32194031
1847826.69852127
1846947.24027412
1846036.83889651
1845108.92411904
1844148.23260901
1843169.31435296
1842155.70782795
1841123.12497304
1840053.86362823
1838964.83857541
1837837.06661628
1836688.69904935
1835499.46546949
1834288.61549923
1833035.06496469
1831758.41665661
1830437.40208532
1829091.66406371
 1827699.8750745
1826281.64769638
1824815.65002378
1823321.41479464
1821777.65461292
1820203.77470743
1818578.58068802
1816921.30309456
1815210.88902522
1813466.34759868
 1811666.8158599
 1809831.0352936
  1807938.381283
 1806007.2820682
1804017.39964742
1801986.80409302
1799895.49212947
1797761.13151264
 1795564.1015863
1793321.62450257
1791014.50984454
1788659.49182163
1786237.85754673
1783765.81198109
1781225.16667068
1778631.55713896
1775967.36582274
1773247.61981198
1770455.31838827
1767604.84247877
 1764679.8536022
1761694.05012504
 1758631.8005779
1755506.08575591
1752302.02530525
  1749031.848871
1745681.47059764
1742262.33686496
1738761.19893289
1735188.68928008
1731532.43809549
1727802.23479817
1723986.62948677
1720094.54081698
1716115.47892614
1712057.46541141
1707911.00972078
1703683.21143357
1699365.61773414
1694964.38245759
1690472.12813485
 1685894.0402264
1681223.85345913
1676465.76320913
1671614.65257167
1666673.70583016
1661638.99006294
 1656512.6578849
1651291.99557669
1645978.10361466
1640569.52252014
1635066.27987334
1629468.20557274
1623774.23278468
1617985.51637766
1612099.87225954
1606119.81677493
1600042.02372011
1593870.40891601
1587600.47636206
1581237.58158793
 1574776.0272762
1568222.65206982
1561570.52074765
1554828.00284532
1547986.88205145
1541057.11249826
1534029.14506465
1526914.58012261
1519702.47301028
1512406.14257196
 1505013.1716266
1497538.68384611
1489968.69399339
1482320.23583486
1474577.63610731
1466759.96946448
1458849.72200296
1450868.17492125
1442795.77661002
1434656.22885984
1426427.68329132
1418136.54489973
1409758.32037637
1401322.50024359
1392801.46518451
1384228.32331749
1375571.64025483
1366868.90773144
1358083.84079965
 1349259.4641467
1340352.97811055
1331414.75256957
1322392.51519151
1313346.99225711
1304210.21434201
1295058.25261816
1285789.05883203
1276494.83150096
1266899.40365134
1251174.09350326
1239419.01000597
1229841.17432028
 1220359.9120156
1211020.04325451
  1201632.162045
1192300.13335953
 1182917.4710195
1173569.91410007
1164179.29994976
1154817.12666581
1145420.26687081
1136050.21946664
1126653.43056154
1117284.13808637
1107895.51014848
1098536.28413105
1089164.64929863
1079824.44408291
1070479.49473338
1061167.95324422
1051858.74442316
1042585.35852018
1033320.89029946
1024094.93334642
1014884.05317713
1005714.53224418
996565.866196846
987461.485023393
978383.386879736
969352.515922397
960353.028000613
951403.679780359
942490.502159459
933630.310987003
924810.777210863
916046.982778258
907328.040870411
898667.475391876
890055.673422267
881504.752098107
873006.227772199
864570.942388548
856191.416258988
847877.331748931
839622.103723793
831434.357515611
823308.306379287
815251.610352216
807259.196039091
799337.840900045
 791483.10927509
783700.971163226
 775987.56107251
768348.110193632
760779.262554225
753285.573644051
745864.142348532
738518.906763457
731247.371180509
724052.910416191
716933.389275561
 709891.66971771
 702925.93617601
 696038.58489375
689228.082586696
 682496.40398661
675842.263883657
669267.257051923
662770.314940419
656352.691510899
650013.505949074
643753.708346734
637572.578937354
631470.798858448
625447.784708133
619503.981711369
613638.919953938
607852.840049689
 602145.36432515
596516.558462708
590966.117256962
585493.959622874
580099.834386111
574783.540439139
569544.863413826
564383.507594596
559299.279296101
554291.812361222
549360.918666004
544506.184607998
539727.413415622
535024.165940856
530396.223386636
525843.141933603
521364.668138897
516960.373429223
512629.957785958
508373.026909452
504189.222904322
500078.203948135
496039.543540433
492072.969780634
488177.977355787
484354.381037331
480601.586965498
476919.512703889
473307.466540555
469765.484385841
  466292.7677582
462889.485968481
 459554.72519805
456288.802776761
 453090.68129602
449960.840354028
446898.110980948
443903.148991024
440974.646133145
438113.448152503
435318.100019367
432589.650962444
429926.491872611
427329.888925294
  424798.0718038
422332.537079315
419931.346249903
 417596.23979581
415325.104183216
413119.937461237
410978.444331313
 408902.89430401
406890.803682178
404944.727654777
403061.987579756
401245.438963386
399492.201751351
397805.446932589
396182.086647596
394625.623172777
393132.754524838
391707.330834455
390345.829755131
389052.466734469
387823.492914056
386663.507564789
385568.529277035
384543.560857711
383584.382443548
382696.421478818
381875.213920212
381056.567225567