 0.097695406214168
0.0976623449894667
0.0976369733414003
0.0976323529742843
0.0976425069020643
0.0976693401772471
0.0977123064562363
0.0977707431423474
0.0978453544931037
0.0979349401989015
0.0980404656719266
0.0981606708264004
0.0982965483320913
0.0984468888281385
0.0986126574326125
0.0987927191162944
0.0989879991315852
0.0991974399601103
0.0994219247883421
0.0996604720967959
0.0999139232402779
 0.100181370207697
 0.100463613368188
 0.100759815614544
 0.101070737353655
 0.101395609854917
  0.10173515465909
 0.102088668995128
 0.102456836680367
  0.10283901859303
 0.103235862009496
 0.103646789242386
 0.104072412247638
  0.10451221264029
 0.104966768314442
 0.105435618126184
  0.10591930720537
 0.106417429646679
 0.106930499153829
 0.107458163105291
 0.108000905159362
 0.108558424060414
 0.109131174847159
 0.109718905738476
  0.11032204462744
 0.110940387332423
 0.111574336126288
 0.112223732558398
 0.112888954862047
 0.113569888445881
 0.114266889143599
 0.114979884338602
 0.115709209168747
 0.116454831085303
 0.117217066302585
 0.117995920400949
 0.118791692517122
 0.119604424380297
 0.120434399974629
 0.121281695146791
  0.12214658073818
 0.123029164620726
 0.123929706593704
 0.124848344391314
 0.125785328968537
 0.126740825677985
 0.127715078932028
 0.128708279366671
 0.129720667264193
 0.130752456107254
 0.131803884578704
 0.132875186458589
 0.133966601486764
 0.135078381067725
 0.136210768788512
 0.137364030870022
 0.138538417678692
 0.139734207296871
 0.140951659953286
 0.142191062477709
 0.143452688203724
 0.144736829422876
 0.146043775985182
 0.147373822173719
 0.148727277945248
  0.15010443590616
  0.15150562989907
 0.152931146973669
 0.154381348836793
 0.155856512875351
 0.157357032848855
 0.158883172134549
 0.160435360954395
 0.162013844073079
  0.16361909281773
 0.165251328465905
 0.166911068337571
 0.168598505060755
  0.17031420709333
 0.172058332946924
 0.173831507632634
 0.175633849757233
 0.177466046583887
 0.179328170686888
 0.181220977577553
 0.183144487312829
 0.185099529959654
 0.187086066196999
   0.1891050072809
 0.191156247256956
 0.193240785544853
  0.19535844188722
 0.197510311198579
 0.199696130814906
 0.201917098849424
  0.20417286167336
 0.206464728691766
 0.208792246277879
  0.21115684362806
 0.213557957588012
 0.215997146068919
 0.218473726341529
 0.220989394397678
 0.223543337345873
 0.226137399085667
 0.228770625413775
 0.231445018445395
 0.234159470930744
 0.236916154010052
 0.239713795042812
 0.242554745531651
 0.245437554441501
 0.248364765656362
 0.251334735392797
 0.254350215938434
 0.257409338006188
 0.260515076702355
 0.263665411355893
 0.266863413007036
 0.270106985275129
 0.273399269026051
 0.276738101414968
 0.280126686228092
 0.283562798004144
 0.287049697773749
  0.29058510115999
 0.294172320465653
 0.297809016401848
 0.301498546136863
 0.305238519829978
 0.309032332648224
  0.31287754893856
 0.316777594522934
 0.320729993076194
 0.324738193237941
 0.328799683573873
 0.332917927194087
 0.337090383563894
 0.341320521390121
 0.345605777516462
 0.349949616828958
 0.354349460523999
  0.35880875968779
 0.363324927366348
 0.367901390286784
 0.372535561393205
 0.377230831894206
 0.381984623263042
 0.386800279408627
  0.39167523958065
 0.396612787961672
 0.401610391478026
 0.406671261487201
 0.411792903185679
 0.416978441305079
 0.422225430643595
 0.427536894769649
 0.432910450202834
 0.438349004034632
 0.443850247470259
 0.449416954987468
 0.455046906349939
 0.460742726407008
 0.466502298335569
 0.472328079399002
 0.478218072108521
 0.484174547163938
 0.490195643496128
 0.496283425151493
 0.502436185844319
 0.508655761655203
  0.51494062085793
 0.521292348899901
 0.527709609960811
 0.534193714673076
 0.540743546226391
 0.547360114549636
 0.554042546927676
 0.560791524757706
 0.567606446753822
 0.574487635731068
 0.581434791738627
 0.588447846391986
 0.595526833944744
 0.602671259206557
  0.60988152694638
 0.617156676053701
 0.624497522153231
  0.63190259494912
 0.639373166019994
 0.646907207667486
  0.65450649819012
 0.662168398311181
 0.669895250630979
 0.677683742883714
 0.685536847833027
  0.69345050994348
 0.701428408171881
 0.709465662443733
 0.717566746576786
 0.725725860915815
 0.733948378723931
 0.742227468239727
 0.750569527100937
 0.758966556396129
 0.767426129511041
 0.775938915858452
 0.784513850982593
 0.793140068765061
 0.801828100784895
 0.810565287921752
 0.819364057673424
 0.828209625490056
 0.837116709385167
  0.84606795900802
 0.855080918693891
 0.864135070924593
 0.873251543077371
 0.882405798756504
  0.89162367307574
 0.900875350132974
 0.910193165300139
 0.919540056678019
 0.928958026916317
 0.938399526274634
 0.947922862022012
 0.957464652303591
 0.967119062409382
  0.97680599937405
 0.986804286485291
  1.00333408836693
  1.01582425668386
  1.02600432286385
  1.03608647031661
  1.04602462663385
  1.05602183802108
  1.06596920807295
  1.07598180549817
  1.08596987005004
  1.09601849058551
  1.10605289657717
  1.11614231060258
  1.12622242800961
  1.13635240390706
  1.14647547414545
  1.15664375186814
  1.16680612790312
  1.17700947634897
  1.18720770624744
  1.19744174472366
  1.20767139559159
  1.21793217983834
  1.22818870953805
  1.23847206827529
  1.24875086636147
   1.2590524756363
  1.26934888610156
  1.27966431573358
  1.28997365116263
  1.30029839512709
  1.31061594627928
  1.32094544362251
  1.33126648641488
  1.34159613629984
  1.35191593720488
   1.3622411101425
  1.37255493054263
  1.38287097703062
  1.39317407682885
     1.40347633415
  1.41376397480675
  1.42404777246382
  1.43431521955931
  1.44457588365795
  1.45481840903969
  1.46505126582803
  1.47526414938027
  1.48546452808871
  1.49564305914768
  1.50580629422968
  1.51594577266094
  1.52606720550783
  1.53616294245735
  1.54623792264121
  1.55628524096956
  1.56630912705493
  1.57630336146227
  1.58627152141872
  1.59620801826744
  1.60611582950834
  1.61598994634972
  1.62583279541778
  1.63563990022852
  1.64541318214519
  1.65514865227943
  1.66484776957256
  1.67450699043464
  1.68412735185637
  1.69370571529913
  1.70324273424442
  1.71273563669737
  1.72218472933163
  1.73158756966287
  1.74094415276605
  1.75025232988097
  1.75951181841369
  1.76872072859282
  1.77787853298915
  1.78698356696673
  1.79603509015653
  1.80503162994017
  1.81397226410275
  1.82285567953377
  1.83168080258315
  1.84044644763562
  1.84915141943618
  1.85779462825186
  1.86637478656155
  1.87489086921583
  1.88334152535256
  1.89172576334572
  1.90004219757084
  1.90828983903664
  1.91646729564735
  1.92457355026941
  1.93260723239017
  1.94056726601456
  1.94845233007526
  1.95626125900561
  1.96399280889218
  1.97164569385118
  1.97921877471136
  1.98671061445005
  1.99412020613495
  2.00144593066835
  2.00868694078688
   2.0158414042314
  2.02290866079176
  2.02988663377667
  2.03677487738548
  2.04357103900672
  2.05027491459216
  2.05688384387288
  2.06339789189444
  2.06981405871203
  2.07613270581383
  2.08235046124799
  2.08846801030811
  2.09448157635917
  2.10039219588086
  2.10619565450077
  2.11189336728449
  2.11748064865602
  2.12295931968438
  2.12832418967596
  2.13357751313432
   2.1387135598486
  2.14373504519432
  2.14863566451822
  2.15341862150118
   2.1580770015537
  2.16261452407694
  2.16702362843633
  2.17130857713186
  2.17546112670959
  2.17948611008748
  2.18337456349728
  2.18713191750648
   2.1907484497566
  2.19423021557435
  2.19756669488703
  2.20076459472672
   2.2038125572602
  2.20671796795788
  2.20946859017469
   2.2120725142795
  2.21451658266554
  2.21680961671585
  2.21893749450919
  2.22090979412937
  2.22288244011828