696052.761963148
 696052.80303221
696069.343515379
696077.894103114
696085.408229633
696093.396106513
696096.437070639
696101.777987302
 696101.47497579
696103.726543883
696100.386629477
 696099.48427586
696093.209097322
696089.167413001
696079.999896177
696072.842466844
696060.802125616
696050.545397888
696035.637144001
696022.287009227
696004.503604905
695988.054918461
695967.377850728
695947.814576965
695924.214492387
695901.509934781
695874.946909966
695849.063904073
695819.487621964
 695790.37866678
 695757.72851948
695725.335845275
695689.540971812
695653.796547136
695614.775811084
695575.601292196
695533.263202744
695490.569828405
695444.812407691
695398.500841717
695349.211440695
695299.171564241
695246.226628866
 695192.33728396
695135.602073058
695077.730758538
 695017.05901441
694955.061535091
694890.295107538
694824.015177155
 694754.98360139
694684.252399594
694610.772428243
694535.408111759
694457.283200963
694377.090368773
694294.110118235
694208.879230552
694120.818777219
694030.325527852
693936.944892835
693840.949534474
693741.992922675
693640.239544529
693535.434596438
693427.650353627
693316.707348676
693202.601642751
693085.212653631
692964.476263616
692840.314260975
692712.618424358
692581.336331358
692446.331774521
 692307.56147083
692164.877388536
692018.228663428
691867.471647117
691712.531101557
691553.284016366
691389.613914125
691221.434724817
691048.571792926
690870.992339139
690688.446518303
690500.971239894
690308.224385815
690110.328999436
689906.833536422
689697.963664895
689483.141193595
689262.710950191
689035.950811842
688803.341342105
688563.999142278
688318.557126706
688065.953222233
687806.989343853
687540.407297383
687267.194679063
686985.879686552
686697.652303794
686400.809601166
686096.760677118
685783.553933404
685462.834323925
685132.384029291
684794.100607089
684445.482465424
684088.696513567
683720.939850643
 683344.66547716
682956.751676823
682559.954263605
682150.815245981
681732.409946788
681300.926704175
680859.777008255
680404.778216094
 679939.69459572
679459.955317855
678969.693979975
678463.934489358
677947.196253459
677414.080991403
676869.510317761
676307.647016901
675733.831211272
675141.770209914
674537.238830602
673913.472619188
673276.697059716
672619.660377769
 671949.05219509
 671257.13008203
670551.000053163
 669822.60118883
669079.177189455
668312.589851251
667530.099835732
666723.539942945
665900.161597886
665051.789459743
 664185.64759724
663293.571224769
662382.739724083
 661445.01748999
660487.522110383
659502.165872626
658495.987671528
657460.966488543
656404.045861345
655317.290345756
654207.531724685
 653066.93907443
  651902.2163236
650705.656066504
649483.818607522
648229.139092063
646948.018790839
645633.054451654
644290.473292367
642913.052713869
641506.831280369
640064.786075676
638592.752853799
637083.927368842
635543.928875278
633966.190719589
632356.102453952
630707.353850101
629025.092056706
627303.281989719
625546.816204437
623749.953340853
 621917.31968612
620043.486019633
618132.801197538
616180.166364628
614189.642283964
612156.478478565
 610084.43743707
607969.134838441
605814.025166256
603615.107778975
 601375.51983395
599091.661623556
596766.344013646
594396.385206337
591984.261099236
589527.224499297
587027.407865052
584482.515029943
581894.326648868
 579261.01374928
576583.996805436
573861.929986681
571095.865056901
568284.955109052
565429.874349278
562530.290486922
559586.490811887
556598.673360531
 553566.72840978
550491.400195256
547372.170878484
544210.347118279
541004.990535972
537757.987037582
534467.963579081
531137.403060255
527764.481490327
524352.297849435
520898.558205813
517406.998587229
513874.832724369
510306.457243339
506698.566870389
503056.245883313
499375.637954269
495662.546782207
491912.526099021
488132.137131791
484316.296009072
480472.368129629
476594.572928353
472691.138192948
468755.512433847
464796.859904063
460807.763465915
456798.419974326
452760.423456876
448705.130808396
444622.983243524
440526.670689375
436405.256812578
432273.006001092
 428117.28465285
423954.279966659
419769.183197546
415580.627864989
411370.865226748
407161.801493257
402931.392430163
398706.190983545
394457.010608826
390217.328138944
385942.417039861
381673.035121416
377284.969615334
370115.051034292
364771.263889617
360440.094806955
356172.844099195
 351988.93407051
347803.250242707
343662.082989522
339518.190074704
335409.493980248
 331301.69347767
327226.118264458
323155.338698206
319116.030249712
315085.139241367
311085.939484794
307098.449684875
303143.348639663
299202.949385734
295295.636483719
291406.229007068
287550.529517395
283715.594064094
 279915.11435363
276137.959629249
272396.063314868
268679.789288172
264999.583305364
261347.058151735
257731.384592128
254145.230577431
250596.662484107
247079.247860364
243600.088028893
240153.523281684
 236745.80550872
233371.942942665
230037.435352018
226737.871345857
223478.081514692
220254.160969434
217070.342624364
213923.165239236
210816.326317208
207746.754395497
 204717.66627904
201726.333809099
198775.541555531
 195862.86434179
192990.697734336
190156.884375283
  187363.4696322
 184608.53316017
  181893.8051466
179217.575159919
176581.289956545
173983.425089087
171425.172781802
168905.173368881
166424.390934447
163981.611747586
161577.595921558
 159211.25885793
 156883.17888269
154592.385508124
152339.295670604
150123.039527751
147943.891408024
145801.070013655
143694.724377005
141624.150844199
139589.389120284
137589.803352593
135625.338655852
 133695.41807106
131799.905726416
129938.275477474
 128110.32302467
126315.565694468
124553.742352915
122824.407107942
121127.252691705
119461.863887197
117827.897166857
116224.962402803
114652.688917144
113110.706550547
111598.625876619
110116.092000668
108662.704495589
107238.119400965
105841.932433034
104473.806570514
103133.340260744
101820.199727552
100533.992225754
99274.3838008882
98040.9961229099
96833.4918789861
95651.5123337469
94494.7138546974
93362.7620913068
92255.3043268017
 91172.035033361
 90112.589822003
89076.6961087212
88063.9754029641
 87074.191903042
86106.9507295802
85162.0564520237
84239.0956420109
83337.9166110563
 82458.085335042
81599.4970514789
80761.6951945868
79944.6249548133
79147.8053681817
78371.2344774293
77614.4051427506
76877.3710598451
76159.5972047135
75461.1956565721
74781.6018594019
74120.9889648797
73478.7612897674
72855.1557340917
72249.5439376854
71662.2292406779
71092.5490954939
70540.8760195275
70006.5118011195
69489.9009479071
68990.3081367431
68508.2527859911
68042.9610394104
67595.0302874001
67163.6467424129
66749.4890043867
66351.7019785684
65971.0489261259
 65606.632091927
65259.3031054017
64928.1202227434
64614.0274490292
64316.0377526816
64035.1918719558
63770.4562244457
 63522.973044585
63291.6609820253
63077.7689981267
62880.1668172366
62683.3104356003