  3.7362688177332
 3.73626450454452
 3.73634979760627
 3.73639501117005
 3.73643666012251
 3.73648310962214
 3.73650519057658
 3.73654171572964
 3.73655014319823
 3.73657432307973
 3.73657066546918
 3.73658210453579
 3.73656685770371
 3.73656559864374
  3.7365389639671
 3.73652511406961
 3.73648718499023
 3.73646082962676
 3.73641163766622
  3.7363728214491
 3.73631234859746
 3.73626107225278
 3.73618925509613
  3.7361254757735
 3.73604220739663
 3.73596583953642
 3.73587097065425
 3.73578188675476
  3.7356752264379
 3.73557325758683
 3.73545457368576
  3.7353395098411
  3.7352085291496
 3.73508011918017
  3.7349365273603
 3.73479447886019
 3.73463792014517
 3.73448189903482
 3.73431197572207
 3.73414160564619
 3.73395787739007
 3.73377273892066
  3.7335747218323
 3.73337435148228
 3.73316151704132
 3.73294540609305
 3.73271717987471
  3.7324847730252
 3.73224053324416
 3.73199122706784
  3.7317303029391
 3.73146344416753
 3.73118511408339
 3.73089999770029
 3.73060348722154
 3.73029935437085
 3.72998383402957
 3.72965986973333
 3.72932445264413
 3.72897978332696
 3.72862352260331
  3.7282572134196
 3.72787909939149
 3.72749015135157
 3.72708910858075
 3.72667645547223
 3.72625133956142
 3.72581384466182
 3.72536343885433
 3.72489989143172
 3.72442290299816
 3.72393201459631
 3.72342707100547
 3.72290747151092
 3.72237311638232
 3.72182334987072
 3.72125803870672
 3.72067655906674
 3.72007865476277
 3.71946382109635
 3.71883158922857
 3.71818166102691
 3.71751326491724
 3.71682639701305
 3.71611989257274
 3.71539412987023
 3.71464746022382
 3.71388073220889
 3.71309172210237
 3.71228183713715
 3.71144818713479
 3.71059282654217
 3.70971210701901
 3.70880881896458
 3.70787846390301
 3.70692465708404
 3.70594195768544
 3.70493489483902
 3.70389699296387
 3.70283378420886
 3.70173766566176
 3.70061526169241
 3.69945774937162
 3.69827293452422
 3.69705068145885
 3.69580006667643
 3.69450954897865
 3.69318956470309
 3.69182707446692
 3.69043396349229
 3.68899560167545
 3.68752541200172
 3.68600708133227
 3.68445565906355
 3.68285305701856
 3.68121603935646
 3.67952465126624
 3.67779745965462
 3.67601255199221
 3.67419038547682
 3.67230699939963
 3.67038482827278
 3.66839777349017
 3.66637033329835
 3.66427418234667
 3.66213596834632
 3.65992505136077
 3.65767031351507
 3.65533871359829
 3.65296145220375
 3.65050300155982
 3.64799696329727
  3.6454052418289
 3.64276390828347
 3.64003228545971
  3.6372486439881
 3.63437066252773
  3.6314373244726
 3.62840592861697
 3.62531554110073
 3.62212333290213
 3.61886831284822
 3.61550763372696
 3.61208014870888
 3.60854309054457
 3.60493506236426
 3.60121347434827
  3.5974165862371
 3.59350208321365
 3.58950778923066
 3.58539176214139
 3.58119129880837
 3.57686492744005
 3.57244932776746
 3.56790359596779
 3.56326370603046
 3.55848941954939
 3.55361591776511
 3.54860372487099
 3.54348714412586
 3.53822755913507
 3.53285831188657
 3.52734174173082
 3.52171014820389
 3.51592692214192
 3.51002324171345
  3.5039636442722
 3.49777811011567
 3.49143241732061
 3.48495527435537
 3.47831379328021
  3.4715353394378
  3.4645884510702
 3.45749908185477
 3.45023728723701
 3.44282754351669
 3.43524151307875
 3.42750213200147
 3.41958275795853
 3.41150472683819
 3.40324317847584
  3.3948177914446
 3.38620557306356
 3.37742449023238
 3.36845350147019
 3.35930881028488
 3.34997140847662
 3.34045568689975
 3.33074475108316
 3.32085113217522
 3.31076012828929
 3.30048236570588
 3.29000541247676
 3.27933794634381
 3.26846988129915
 3.25740790387581
 3.24614434887939
 3.23468386937005
 3.22302129502447
 3.21115920285837
 3.19909499108538
 3.18682911694537
 3.17436162102313
 3.16169079487562
 3.14881939619037
 3.13574350154725
 3.12246866230494
 3.10898868593535
 3.09531199707765
 3.08143007338329
 3.06735429696224
 3.05307374623361
 3.03860285152058
 3.02392821130118
 3.00906740393776
 2.99400445273486
 2.97876019627425
 2.96331596886303
 2.94769599809733
 2.93187879165688
 2.91589211717192
 2.89971148744921
 2.88336839088304
 2.86683513746827
 2.85014715695032
 2.83327329650062
 2.81625320167462
 2.79905192742172
  2.7817136832215
 2.76419930809745
 2.74655802586722
 2.72874590456659
 2.71081777778029
 2.69272419888773
 2.67452641760594
 2.65616844775389
 2.63771907836642
 2.61911431885985
 2.60043211574975
 2.58159827651304
  2.5627023342637
 2.54365636740521
 2.52456532714162
 2.50532129929587
 2.48605102094291
 2.46661341310097
 2.44716754909674
 2.42750029917042
 2.40780472792267
 2.38749945025678
 2.35425357380766
 2.32942450301138
 2.30922739338446
 2.28926333087039
 2.26962560183983
 2.24991557896439
 2.23035130109341
 2.21070954126021
 2.19116986689774
 2.17156897067664
   2.152056167548
  2.1324999608311
 2.11302838741291
 2.09353020642258
 2.07411797166977
 2.05469466457645
 2.03536108348677
 2.01603083254931
 1.99679426496784
 1.97757680926835
   1.958456812162
 1.93937035400999
  1.9203859471175
 1.90144835990175
  1.8826178931908
 1.86384652557589
 1.84518758960769
 1.82659913220911
 1.80812849250493
 1.78973888346834
 1.77147243091123
 1.75329678725935
 1.73524950055524
 1.71730206804998
 1.69948798610038
 1.68178210336123
 1.66421430626669
  1.6467623804772
 1.62945297830845
 1.61226647071716
 1.59522659939136
 1.57831601930758
 1.56155584299973
 1.54493074927118
 1.52845946883114
  1.5121284779601
 1.49595434481992
 1.47992514497876
 1.46405548003994
 1.44833485031373
 1.43277606730533
 1.41736990153577
 1.40212753433759
 1.38704086897801
 1.37211960240933
 1.35735664783089
 1.34276035141584
 1.32832452613395
 1.31405629036953
 1.29995025768782
  1.2860124323594
  1.2722381389581
 1.25863237307024
 1.24519108909662
 1.23191837201224
 1.21881073226244
 1.20587143567202
  1.1930974814866
 1.18049140185882
 1.16805062338769
 1.15577702458423
  1.1436684031109
 1.13172605888003
 1.11994810892839
 1.10833534502411
 1.09688615600463
 1.08560089170979
 1.07447816889474
 1.06351795775798
 1.05271906240639
  1.0420811320326
 1.03160312051653
 1.02128441127975
 1.01112407309181
 1.00112127566681
0.991275170216398
0.981584761851355
0.972049253982362
0.962667533459217
0.953438827645975
0.944361948897724
0.935436122097871
0.926660126473135
0.918033159636428
0.909554006820733
0.901221815071581
0.893035412692822
0.884993874221514
0.877096106183192
0.869341089896352
0.861727843497138
0.854255235492567
0.846922427404666
 0.83972815634901
0.832671757540426
0.825751819040319
0.818967878737997
0.812318358807197
0.805803027609574
0.799420125345581
0.793169677603514
0.787049727197708
0.781060582793739
0.775200075010293
0.769468820676913
0.763864423945817
 0.75838783427391
0.753036415555463
0.747811473856769
0.742710119446668
0.737734038645407
0.732880075102259
0.728150318845727
0.723541334238372
0.719055638431762
0.714689504119271
 0.71044589910673
0.706320792283047
0.702317625918128
0.698432053175418
0.694668015046859
0.691020837235781
0.687494984341235
0.684085443036292
0.680797227229388
0.677624973141837
0.674574270714059
0.671639394434608
0.668826538238017
0.666129603739946
0.663555418308427
0.661097499697301
0.658763339884588
0.656546061947422
0.654453855674132
0.652479438861424
0.650631734648956
0.648903045214905
0.647303065286761
0.645823671428265
0.644349096536452