649.004660769883
649.005448281806
649.006054975623
649.006173810238
649.005945442228
649.005324954707
649.004324882074
649.002960331141
649.001214051725
648.999113483279
648.996634859003
648.993806748553
 648.99060437257
648.987054857597
648.983133704803
648.978866060488
648.974227998918
648.969242623676
648.963886635645
648.958181138373
648.952103454625
 648.94567274879
648.938866945543
648.931703329182
648.924160401286
648.916253619129
648.907962033585
  648.8992993214
648.890245053062
648.880811165012
 648.87097771563
648.860754935419
648.850123336798
648.839091473294
648.827640275222
648.815776643097
648.803481886536
648.790761272391
648.777596448345
648.763991062733
648.749927057208
648.735406472896
648.720411498261
648.704942575091
648.688982088195
648.672528884827
648.655565492151
648.638089165021
648.620082515157
648.601541204904
648.582447868639
648.562796574247
648.542569912468
648.521760353349
648.500350372944
 648.47833083911
648.455684037023
648.432399227465
648.408458422964
648.383849272269
648.358553427435
648.332556920626
648.305840949008
648.278389924508
648.250184487791
 648.22120742833
648.191438720831
648.160859532074
648.129449052781
648.097186829374
648.064051141214
648.030019919902
647.995070395858
647.959178895293
647.922321450971
647.884472797791
647.845607610018
647.805699050785
647.764720261812
647.722642860383
647.679438267278
647.635076587214
647.589527316063
647.542759087725
647.494739252291
647.445435024293
647.394811368885
647.342834143685
647.289465669975
647.234670523429
647.178408101153
647.120641785986
647.061327747487
647.000428280704
646.937895999433
646.873692233881
646.807765687093
646.740076867462
646.670570183496
646.599205487245
646.525922477946
646.450680541804
  646.3734142208
646.294082653664
646.212614741441
646.128969624703
646.043070041618
645.954875418199
645.864301766772
 645.77130912034
645.675806158482
645.577753884611
645.477052991637
 645.37366586295
645.267484500573
645.158473128191
645.046514298956
644.931574592908
644.813526298898
644.692338930474
644.567873635424
644.440103504813
644.308877603165
644.174173316109
644.035826612916
643.893819970495
643.747975176478
643.598280682553
 643.44454292905
643.286757320353
643.124713699112
642.958415504348
642.787634632812
642.612383792188
642.432415283907
642.247753511399
642.058129580931
641.863575580341
641.663808431706
641.458863620665
641.248445053166
641.032591233513
640.810993102679
640.583692133046
640.350366305944
640.111060023778
639.865438365899
639.613548610381
639.355043059116
 639.08997179041
638.817974528024
638.539104050851
638.252987786459
 637.95968108715
637.658799456987
637.350400663283
637.034088758554
636.709923731403
636.377498762903
636.036875829307
635.687637937751
635.329848773477
 634.96308199418
634.587402664699
634.202376054727
633.808068222217
 633.40403715752
632.990349461037
632.566557110294
632.132726725358
631.688405706288
631.233660089079
630.768034311893
630.291593132039
629.803879833368
629.304957097935
628.794369067144
628.272175436832
 627.73792343496
627.191668731816
626.632964101602
626.061860005627
625.477917469094
624.881180399075
624.271221037088
 623.64807520877
623.011329614685
622.361010267111
621.696721864377
621.018478642746
620.325907153835
619.619007634779
618.897432686421
618.161166028995
617.409890876169
616.643571579319
615.861926928014
 615.06489867269
614.252246579045
 613.42388613061
612.579623951736
611.719345095853
610.842909465463
609.950166948272
609.041037748272
608.115331189343
607.173035486733
606.213913231106
605.238029147986
604.245092021401
603.235252504601
602.208157433774
 601.16405388949
 600.10251734682
599.023903104771
597.927704333837
596.814397904578
595.683381878659
594.535269966608
 593.36935002637
592.186390259379
590.985550366129
589.767773699069
588.532070223701
587.279582966884
586.009145906463
584.722131316234
583.417164779632
582.095884120972
580.756665831241
579.401458765069
578.028338144934
 576.63962217024
575.233016208454
573.811284613539
572.371669912155
570.917487027863
569.445384566284
567.959375389903
566.455319738761
564.938145985676
563.402616667941
561.854914471808
560.288158557379
558.710343831721
557.111803876385
555.503264974878
553.868913021086
552.222357310389
550.516060852354
547.680499609068
545.526369743713
543.763640433305
542.011900758605
540.279585998045
538.531589213611
 536.78715412353
535.026300540322
533.264992786753
 531.48840984655
529.709947230946
527.917517557902
526.122722911204
524.315212986763
522.505297075467
520.683842005019
518.860186184503
 517.02610372826
515.190064265334
513.344886451083
511.498003234607
509.643188684967
507.787025543232
505.924074937236
 504.06020843439
 502.19064762283
500.320659086969
498.446027108903
496.571496263607
 494.69333626375
492.815835798218
490.935687736379
489.056778498272
487.176173054072
485.297399710805
483.417853048897
481.540740141216
479.663749342432
477.789797692642
475.916836734144
474.047520190578
472.180036402307
470.316798910766
468.456209860997
466.600462857858
464.748153635558
462.901273758463
461.058594628716
459.221921740405
457.390186154064
455.565021673962
453.745504615233
451.933110151999
 450.12704680897
448.328643085806
446.537227829394
444.753993892527
442.978379549339
441.211452248811
439.452749653293
437.703223384165
435.962501195118
434.231427886287
432.509712652677
430.798101989862
429.096378450648
427.405198319652
425.724409922387
424.054587058484
422.395636681483
420.748057510724
419.111808373866
417.487320032227
415.874596781749
414.274008298309
412.685598251487
411.109681882255
  409.5463364184
407.995829117988
406.458265202901
404.933870221851
403.422772053669
401.925160650073
400.441181415243
398.970994670102
397.514758399223
396.072609125917
394.644712640121
393.231187379362
391.832202318938
 390.44786341158
389.078338339661
387.723726070842
386.384188646042
385.059823455194
383.750782668223
382.457167420688
381.179115891177
379.916738208275
378.670154539181
377.439489184778
376.224840372975
 375.02635169585
373.844095598772
372.678240031286
371.528827890709
370.396056505583
369.279935530984
368.180696659325
367.098312674607
366.033054589646
364.984854748356
363.954028420868
362.940463996628
361.944525929444
360.966055189711
360.005470340326
359.062561513373
358.137806315457
357.230940662222
 356.34250615852
355.472181162732
354.620576263941
 353.78730895628
  352.9730638427
352.177394276789
351.401063961785
 350.64355886245
 349.90572693965
 349.18698354681
348.488266145845
347.808916280354
347.149966259251
 346.51068064077
345.892192047134
345.293684898171
344.716397735428
344.159431710238
343.624137050341
343.109528532853
342.617074022576
342.145698843606
341.696994658041
 341.26979428911
340.865819593931
340.483807883652
 340.12561787655
339.789888404756
339.478622016831
339.190356153488
338.902264238645