49.3869418871814
49.3702587436366
49.3574559404695
49.3551247703837
49.3602491015136
49.3737902591328
49.3954725085109
49.4249614317768
49.4626123370241
49.5078194270876
49.5610697523484
49.6217273194528
49.6902928906922
49.7661560406684
49.8498035854193
49.9406625815941
50.0391996847542
 50.144881038686
50.2581520276168
 50.378517119589
50.5064005449218
50.6413438385794
50.7837505028761
50.9331978242088
51.0900690921122
51.2539760673086
51.4252823782375
51.6036330378977
51.7893725886006
51.9821781268894
52.1823757037305
52.3896733780842
52.6043793232889
52.8262314808791
53.0555207792031
53.2920139976208
53.5359854714798
53.7872298023825
54.0460054047553
 54.312133710357
54.5858579058689
54.8670252791667
55.1558645046968
55.4522477651919
55.7563899621598
56.0681872195899
56.3878414307824
56.7152717100364
57.0506677344421
57.3939706553888
57.7453587550274
58.1047942614715
58.4724449146482
58.8482930470417
 59.232496742843
59.6250574497242
60.0261245188852
60.4357175023165
60.8539779798591
61.2809425703679
61.7167460856263
62.1614411423615
62.6151568321904
63.0779606641509
63.5499771052463
64.0312874095715
64.5220125659394
65.0222463793244
65.5321075610012
66.0517012203675
66.5811450495369
67.1205541581103
67.6700465387865
68.2297459337436
68.7997720211699
69.3802557389933
69.9713199048873
70.5731011405346
  71.18572693026
 71.809337986191
72.4440680638697
73.0900602849112
73.7474563624127
74.4164000523458
75.0970427979989
75.7895271136647
76.4940160364273
77.2106488550337
77.9396021597546
 78.681009914951
79.4350643242289
80.2018918064039
80.9817023444341
81.7746124605552
82.5808521942265
83.4005256824303
84.2338854148131
85.0810205088242
85.9422084200691
 86.817520458413
87.7072616889717
88.6114826638434
89.5305188348133
90.4643968753604
91.4134855406744
 92.377784325378
93.3576983504803
94.3531964432533
95.3647233048575
96.3922134094421
97.4361544109332
98.4964425381635
99.5736119352195
 100.66751647774
101.778740508772
102.907091217849
104.053207033941
105.216843893108
106.398698382249
107.598470372659
108.816918873236
110.053682625787
111.309587524499
112.584205854041
113.878435063702
115.191775380936
 116.52520069394
117.878133290975
119.251628604689
120.645024810328
122.059464222754
123.494194416095
124.950450230884
126.427381497324
127.926323178487
129.446311095185
130.988787097489
132.552709834174
134.139564604078
135.748270431556
137.380342754791
139.034665475194
140.712780397052
142.413538110882
144.138503614754
145.886495919925
147.659099890401
149.455104832108
151.276111924896
 153.12088281149
154.991031204675
156.885293304892
158.805291336258
160.749738466367
162.720261165236
 164.71555217553
166.737237699196
168.783992870708
170.857438857087
172.956236220945
175.081996070641
177.233367664074
179.411946766606
181.616374841193
183.848226761724
186.106139961064
188.391662605541
 190.70343213109
193.042963909222
195.408899694562
197.802715701537
200.223062616802
202.671370856047
205.146304965607
207.649242636188
 210.17886753395
212.736497407366
215.320840655192
217.933147567365
220.572157263085
223.239044748155
225.932586250439
228.653873343651
231.401726181625
234.177144419007
236.978999414853
239.808190057551
242.663646690489
 245.54615820155
248.454722241459
251.390008042482
254.351089481068
257.338506015439
260.351417322189
 263.39022245069
266.454177179933
269.543528933152
272.657640707411
275.796596417809
278.959878311209
282.147394145765
  285.3587584897
288.593689401815
 291.85194803341
295.133048150302
298.436913122477
301.762836581566
305.110921351982
308.480223596928
311.871044711873
315.282184256009
318.714163544823
 322.16550420692
325.636971503242
329.126785118095
 332.63598152703
336.162451131607
   339.707532868
 343.26875636363
346.847799198345
350.441793491654
354.052797863731
357.677503496041
361.318400385681
364.971686676304
 368.64034439897
372.320015160269
376.014247359671
379.718047307317
383.435622642235
387.161244758407
390.899899196204
394.644993588172
398.402447064074
402.164632495693
405.938613522203
409.715494311088
413.503780379805
417.292975292195
421.093467868472
424.892669078865
 428.70355399804
432.510672575068
436.330827483333
440.144439656323
443.974740247596
447.795929574187
451.645328576193
455.490575076096
459.441380420525
 465.93280682962
470.804426322589
474.753698597102
478.646070266763
482.464399171451
486.286905110734
490.071899270651
493.863098999877
497.626382654959
501.393690125692
505.136843005169
508.881534556542
512.603757500997
 516.32523155167
520.024974481177
523.721918976625
527.397368948673
531.068177625687
534.717663316517
538.360389167458
541.981965046632
545.594899373803
549.186666601263
 552.76810152794
556.328224593137
559.876482661976
563.403198556787
566.916651005035
570.408274674908
573.885353067554
577.340280730465
580.779484551025
584.196195674011
587.596097300695
590.973155650398
594.332403543065
597.668457543428
600.985778141627
604.279560678267
607.553759327792
610.804087089002
614.034048207697
617.239820625087
620.424507254316
623.584705090973
626.723157939274
629.836841564675
632.928177624528
635.994485010197
639.037895812081
642.056040278698
645.050789835118
648.020057579506
650.965480063621
653.885227492295
656.780724689854
659.650375584293
662.495414153007
665.314456690474
668.108565257332
670.876548909607
673.619315033526
 676.33584736459
679.026914389132
681.691657771319
684.330721589788
686.943389856472
689.530195609421
692.090550660741
 694.62488938386
697.132737760411
699.614442998695
702.069632436569
704.498576838793
 706.90099281767
709.277084723248
711.626647017732
713.949827046348
716.246486289098
718.516723941637
  720.7604582053
722.977748483002
725.168559886445
727.332919933519
729.470831276275
731.582297049692
733.667348477189
735.725971445779
 737.75821714632
739.764061019842
741.743565953069
743.696703440537
745.623540095621
747.524049690651
749.398294871109
751.246257660771
753.067989291536
754.863485783809
756.632779734806
758.375886698374
760.092813617511
761.783600926256
763.448223073446
765.086750546727
766.699118619162
768.285432847401
 769.84558278483
771.379713928625
772.887663686031
774.369622235409
775.825368508765
 777.25514198749
778.658656876724
780.036206475088
781.387434066535
782.712691183758
784.011544032251
785.284406707941
786.530762196914
787.751091408545
788.944787963546
790.112403764165
791.253236892843
792.367914360796
793.455632489369
794.517097458085
795.551397530409
796.559322062712
 797.53984486458
798.493842432043
799.420167598596
800.319787921016
801.191428579593
802.036152074433
802.852549069743
 803.64178085481
804.402296495687
805.135359880494
805.839271139648
806.515400532449
807.161891621071
807.780224767853
808.368378995296
808.927948454908
809.456739271246
809.956463017241
810.424744120447
810.863415141984
 811.26990951286
811.646184268418
812.022034815586