1.239087789873756160e-02
1.239471617741377471e-02
1.239667708610064749e-02
1.239663350059259060e-02
1.239475728883371319e-02
1.239093036198790979e-02
1.238531691643376779e-02
1.237780767941317438e-02
1.236855925687744759e-02
1.235747095649270336e-02
1.234469189622145781e-02
1.233012971386952469e-02
1.231392616133393687e-02
1.229599694329937092e-02
1.227647658526743145e-02
1.225528858414427595e-02
1.223256039478967140e-02
1.220822302178397635e-02
1.218239701959240515e-02
1.215502060746764292e-02
1.212620762270315289e-02
1.209590319913325142e-02
1.206421465162940167e-02
1.203109372272608175e-02
1.199664140976915150e-02
1.196081575355281180e-02
1.192371164762631545e-02
1.188529311721184430e-02
1.184564917337415334e-02
1.180474950964517655e-02
1.176267748231408193e-02
1.171940813586173739e-02
1.167501940478224594e-02
1.162949136688650950e-02
1.158289677206029468e-02
1.153522041449440115e-02
1.148653009985172412e-02
1.143681502329227558e-02
1.138613828888937994e-02
1.133449317971720570e-02
1.128193834224448626e-02
1.122847083752336744e-02
1.117414509891193584e-02
1.111896165933484379e-02
1.106297098325124094e-02
1.100617677384564848e-02
1.094862576986698442e-02
1.089032454825342860e-02
1.083131636351718566e-02
1.077161037551725362e-02
1.071124659364256458e-02
1.065023647603491851e-02
1.058861702311410767e-02
1.052640171333931070e-02
1.046362477080111167e-02
1.040030142341834274e-02
1.033646334756609803e-02
1.027212725726705904e-02
1.020732250529778236e-02
1.014206703628546535e-02
1.007638809859772062e-02
1.001030462013983470e-02
9.943841958740836859e-03
9.877019786710013877e-03
9.809861779534429643e-03
9.742388123749638404e-03
9.674621014705030164e-03
9.606580931890845720e-03
9.538288786446800713e-03
9.469765138629404611e-03
9.401029804769841028e-03
9.332103222930945852e-03
9.263004297291214245e-03
9.193753150103406088e-03
9.124367949116120313e-03
9.054868316585243035e-03
8.985271852461106448e-03
8.915597504303731519e-03
8.845862465675827235e-03
8.776084844261960657e-03
8.706281581324255836e-03
8.636469789017881329e-03
8.566666302991028659e-03
8.496887093723140202e-03
8.427149030482854186e-03
8.357466805394080447e-03
8.287857453099655922e-03
8.218334260091742297e-03
8.148914550654622752e-03
8.079610087692281478e-03
8.010438601926779187e-03
7.941410223933792825e-03
7.872543200234368224e-03
7.803845929429957702e-03
7.735337275821705869e-03
7.667023815345543059e-03
7.598925124756939452e-03
7.531045875433390810e-03
7.463406444042358992e-03
7.396009524136862648e-03
7.328876372643786281e-03
7.262007640466417759e-03
7.195425538149852022e-03
7.129128617363586669e-03
7.063140108776621261e-03
6.997456416269831093e-03
6.932101850437546314e-03
6.867070626622747039e-03
6.802388188603244491e-03
6.738046530006234353e-03
6.674072274680152399e-03
6.610455168686006459e-03
6.547223056641664034e-03
6.484363418266273112e-03
6.421905353649817218e-03
6.359834064207987858e-03
6.298179934410237657e-03
6.236925881953586485e-03
6.176103599007522899e-03
6.115693720407596595e-03
6.055729263972752657e-03
5.996188588527269839e-03
5.937106050339455848e-03
5.878457744781578551e-03
5.820279374448790802e-03
5.762544789241806110e-03
5.705291041269296495e-03
5.648489758071200025e-03
5.592179340001064702e-03
5.536329220185941084e-03
5.480979141738805127e-03
5.426096375864010966e-03
5.371721998972676590e-03
5.317821157868818198e-03
5.264436246710410723e-03
5.211530932340800726e-03
5.159147105008764916e-03
5.107248812543089232e-03
5.055876782706796024e-03
5.004995539126440469e-03
4.954644582158148312e-03
4.904788998994520990e-03
4.855467004763883328e-03
4.806644331165372576e-03
4.758357857112102164e-03
4.710574033144276744e-03
4.663328357535001176e-03
4.616588067620918875e-03
4.570387242898639110e-03
4.524693969308429299e-03
4.479540875445195240e-03
4.434896951746271007e-03
4.390793349512007483e-03
4.347200013893661244e-03
4.304146597956235755e-03
4.261604046344532812e-03
4.219600498118584141e-03
4.178107936999816627e-03
4.137152977163952895e-03
4.096708676037141318e-03
4.056800116641510849e-03
4.017401460022729416e-03
3.978536256111144843e-03
3.940179795014764341e-03
3.902354095687901852e-03
3.865035598512004018e-03
3.828244797360379724e-03
3.791959300106003544e-03
3.756198084943759147e-03
3.720939940699835666e-03
3.686202342532589066e-03
3.651965270160674720e-03
3.618244711322995792e-03
3.585021843278276502e-03
3.552311184678534454e-03
3.520095113905744207e-03
3.488386701318452101e-03
3.457169527163695029e-03
3.426455236511631586e-03
3.396228609593318799e-03
3.366499891164028650e-03
3.337255057148487674e-03
3.308502978691998161e-03
3.280230820921480397e-03
3.252446109578390615e-03
3.225137190501552783e-03
3.198310273512823283e-03
3.171954874870036925e-03
3.146075919022155599e-03
3.120664080740201841e-03
3.095723030501620204e-03
3.071244588254673155e-03
3.047231202561682343e-03
3.023675823957721037e-03
3.000579711610195863e-03
2.977936930964260581e-03
2.955747584593990725e-03
2.934006836251972471e-03
2.912713664828501213e-03
2.891864315007455517e-03
2.871456674848696985e-03
2.851488051961869382e-03
2.831955276218942399e-03
2.812856699656082066e-03
2.794188126244152252e-03
2.775948933579847847e-03
2.758133931528963627e-03
2.740743504134079446e-03
2.723771498336300875e-03
2.707219285369839162e-03
2.691079779701179356e-03
2.675355320462184053e-03
2.660037919260189315e-03
2.645130863881538230e-03
2.630625291761557773e-03
2.616525420229834625e-03
2.602821540225320595e-03
2.589518779713145466e-03
2.576606609727576103e-03
2.564091050227130728e-03
2.551960777787413287e-03
2.540222686036092484e-03
2.528864681339575062e-03
2.517894513031030106e-03
2.507299340280496214e-03
2.497087750556578958e-03
2.487246177579890277e-03
2.477784029801274532e-03
2.468687035954556831e-03
2.459965408750115073e-03
2.451604191105678180e-03
2.443614383702932043e-03
2.435980361525351238e-03
2.428713897366604948e-03
2.421798714882683612e-03
2.415247343533725478e-03
2.409042871004288353e-03
2.403198568364806227e-03
2.397696901468562933e-03
2.392551868295698502e-03
2.387745325837671226e-03
2.383291984596414437e-03
2.379173104555686209e-03
2.375404094612080987e-03
2.371965628545881759e-03
2.368873799721282324e-03
2.366108705544702536e-03
2.363687110051597776e-03
2.361588543214477275e-03
2.359830425996683068e-03
2.358391729081485335e-03
2.357290516583746432e-03
2.356505207350487532e-03
2.356054494744847308e-03
2.355916252651431893e-03
2.356109789549968268e-03
2.356612440778522305e-03
2.357444115464324072e-03
2.358581616486394271e-03
2.360045438696948845e-03
2.361811858412699548e-03
2.363901940712106152e-03
2.366291441200903470e-03
2.369001978979618211e-03
2.372008794901663258e-03
2.375334045044746357e-03
2.378952461735667212e-03
2.382886720002786850e-03
2.387111410707366908e-03
2.391648627468076754e-03
2.396473901805884401e-03
2.401608384131676509e-03
2.407028528735274172e-03
2.412754548006457514e-03
2.418763800267528016e-03
2.425075564462960374e-03
2.431668084730991431e-03
2.438559710163832120e-03
2.445729552933971398e-03
2.453195035009245965e-03
2.460936119157310260e-03
2.468969302210222670e-03
2.477275380335103392e-03
2.485869926611308876e-03
2.494734553547312342e-03
2.503883911388610130e-03
2.513300411952514198e-03
2.522997783253706165e-03
2.532959219293617111e-03
2.543197526298517867e-03
2.553696663113864430e-03
2.564468514620738254e-03
2.575497786825017409e-03
2.586795443873943050e-03
2.598346920774114149e-03
2.610162261891096989e-03
2.622227612459778184e-03
2.634552098534627580e-03
2.647122556053535265e-03
2.659947194930848986e-03
2.673013521386191724e-03
2.686328832251006372e-03
2.699881282563801246e-03
2.713677260205766498e-03
2.727705546382349060e-03
2.741971625424516161e-03
2.756464880714758203e-03
2.771189899895368583e-03
2.786136643048406879e-03
2.801308809646289432e-03
2.816696909355850646e-03
2.832303763852355490e-03
2.848120403485999378e-03
2.864148784558593393e-03
2.880380427267516599e-03
2.896816437212497517e-03
2.913448791520778947e-03
2.930277762204754402e-03
2.947295748179206473e-03
2.964502207621343664e-03
2.981889923725410119e-03
2.999457563414603244e-03
3.017198254152018023e-03
3.035109897205515422e-03
3.053185921661696108e-03
3.071423491933872318e-03
3.089816293325320633e-03
3.108360785577642550e-03
3.127050861921864319e-03
3.145882313167288561e-03
3.164849189188047567e-03
3.183946651325391623e-03
3.203168851710374264e-03
3.222510365566467333e-03
3.241965389696700121e-03
3.261527960596340495e-03
3.281192258868983590e-03
3.300951833855071682e-03
3.320800785723480690e-03
3.340732232551868290e-03
3.360740126409111125e-03
3.380817214445029379e-03
3.400957229479272415e-03
3.421152612624473073e-03
3.441396802776965774e-03
3.461682004558932005e-03
3.482001284717562220e-03
3.502346685674422554e-03
3.522710820238135303e-03
3.543085647735197581e-03
3.563463241686769343e-03
3.583835562302834128e-03
3.604194054929838256e-03
3.624530769553737947e-03
3.644836430959752949e-03
3.665103272739776794e-03
3.685321203290231086e-03
3.705482738581433386e-03
3.725576871430653740e-03
3.745596503887235230e-03
3.765529610735650519e-03
3.785369588697919639e-03
3.805103288930560251e-03
3.824724716258191479e-03
3.844219489617937188e-03
3.863582340123585934e-03
3.882797543074874898e-03
3.901860678714379888e-03
3.920754564655369589e-03
3.939475757633102530e-03
3.958005501116546379e-03
3.976341460066711714e-03
3.994463185192099683e-03
4.012369585599023271e-03
4.030038398740771848e-03
4.047469917763577528e-03
4.064639944802344099e-03
4.081550300671509153e-03
4.098174728898043052e-03
4.114516725053786461e-03
4.130547849916869560e-03
4.146273424061420326e-03
4.161662700933851759e-03
4.176722979172037623e-03
4.191421080310796937e-03
4.205766436555556133e-03
4.219723313434640966e-03
4.233303434256381614e-03
4.246468385452978334e-03
4.259232340553991206e-03
4.271554085371024809e-03
4.283450403868327948e-03
4.294877161878624984e-03
4.305853914580993515e-03
4.316333491280610266e-03
4.326338379147731325e-03
4.335818257908246806e-03
4.344798706882227642e-03
4.353226147394110776e-03
4.361129409795852681e-03
