 1505068.4187319
1505065.63193289
1505098.13989132
1505115.29560091
1505131.62898172
1505150.42980751
 1505159.9131591
1505175.89121102
1505180.91558243
1505193.03099649
1505194.24531849
1505202.29810365
1505199.90318226
1505203.88925962
1505197.96113691
1505197.91258793
1505188.48386479
1505184.42975366
1505171.51044856
1505163.46758996
1505147.05081625
1505135.02190328
1505115.08566581
 1505099.0591383
 1505075.5670748
1505055.51733645
1505028.41911492
1505004.30675992
1504973.53831556
1504945.31028636
1504910.79394895
 1504878.3836106
1504840.02813951
1504803.35527088
1504761.05580583
1504720.02651109
1504673.66444344
1504628.17098721
1504577.61375561
1504527.53432455
1504472.63513759
1504417.83353077
1504358.43101861
1504298.75626811
1504234.67406463
1504169.95998751
1504101.00624376
1504031.07092596
1503957.03775538
1503881.68296754
  1503802.345823
1503721.35636815
1503636.47335029
1503549.61634258
1503458.92743889
1503365.95151253
1503269.17776607
 1503169.8122133
1503066.65481978
1502960.60865641
1502850.74798821
1502737.70894492
1502620.80350024
1502500.43693808
1502376.12221341
1502248.06996126
1502115.95724515
1501979.83635706
1501839.51144309
1501694.91287345
1501545.93469007
1501392.42188418
1501234.32103944
1501071.42843721
1500903.70567593
1500730.93712656
1500553.06169788
1500369.88878327
1500181.29671641
1499987.15698117
1499787.24926755
 1499581.5443538
1499369.68503369
1499151.77871892
1498927.29287113
1498696.50900776
 1498458.6806413
1498214.30099683
 1497962.3708437
1497703.63284107
1497436.79604991
1497162.89040784
1496880.29413886
1496590.36241286
1496291.10333492
1495984.23536024
1495667.35705198
1495342.58829077
1495007.07854841
1494663.38734404
1494308.17539961
1493944.48014267
1493568.43379757
1493183.59000874
1492785.51268887
1492378.31002581
1491956.93776595
 1491526.0969625
1491080.09532929
1490624.26507722
1490152.22604188
1489669.97982729
1489170.41860131
1488660.25150986
 1488131.6033589
1487591.92886632
1487032.54592006
1486461.69268699
1485869.84076524
1485266.04945787
1484639.90493601
 1484001.3250972
1483338.97183681
1482663.65883507
1481963.08520906
1481248.99729636
1480508.09334092
1479753.08885304
1478969.64358391
1478171.47831421
 1477343.1772797
1476499.50190951
1475623.92579134
1474732.27964312
1473806.92237219
1472864.63153683
 1471887.0625569
1470891.29567928
1469858.82718647
1468806.76679361
1467716.56198224
1466605.29012269
1465454.39720066
1464280.88527568
1463066.24079974
1461827.34934653
1460545.77944823
1459238.25941664
1457886.48151527
1456506.97636967
1455081.60165951
1453626.65031775
1452124.18712138
 1450590.2278004
1449007.08586426
1447390.46090673
 1445722.9567138
1444019.91846964
1442264.28164245
 1440470.9994773
1438623.38034242
1436735.94884199
1434792.42722305
1432806.87565781
1430763.47095926
1428675.77406795
1426528.45670482
1424334.54684763
1422079.25106832
1419775.03179136
1417407.66993021
1414989.03097165
1412505.50915624
1409968.34291165
1407364.57823574
1404704.79768509
 1401976.7368425
1399190.29492482
1396333.93428196
1393416.84468475
1390428.25175006
1387376.61106047
1384251.94728808
1381061.95843077
1377797.50327323
1374465.50013674
1371057.67623787
1367580.14936669
1364025.54876104
1360399.17196551
1356694.58312559
1352916.24083616
 1349058.6763834
1345125.49154983
1341112.21642009
1337021.57873145
1332850.13856177
1328599.73273854
1324267.98221913
1319855.81610621
1315361.94702099
1310786.37918982
1306128.94785091
1301388.71440071
1296566.66816755
1291660.90840074
1286673.61096391
1281601.89159902
1276449.14670258
1271211.48427952
 1265893.5575547
1260490.43868272
 1255008.0772703
1249440.47636645
1243794.92601551
1238064.32018082
1232257.33952811
1226365.72020717
1220399.59196388
1214349.47302567
1208227.01182651
1202021.43368329
1195745.99038511
1189388.51971544
1182963.98196639
1176458.70649922
1169889.49542729
1163241.01301898
1156532.07589417
1149745.47666708
1142902.27533303
 1135983.1146732
1129011.60930958
 1121965.8673922
1114872.49443955
1107706.51296492
1100498.15381402
1093218.52783596
1085902.45761249
 1078515.8231421
1071099.60205315
 1063612.1319379
1056103.28118362
1048519.13570139
 1040923.7053726
1033237.92924497
1025549.11855295
1017668.44143225
1002802.29624659
994199.588467668
986348.779458497
978506.425332129
970749.273173947
962943.334537269
955173.669756066
947359.164057044
939568.507529666
931740.810139841
923933.329388515
916096.379537467
908279.345463068
900439.818313676
892621.490879702
884787.118373604
876976.082192082
869155.019265442
861359.915823123
853560.448937125
845789.415486445
838020.233225629
830281.759863647
822550.919873737
814853.269333698
807168.657578717
799519.828893551
 791889.10579083
784296.804853547
776727.363657705
769198.978425008
761697.912488327
754240.492080073
746814.568785361
739434.806110548
732090.446188866
724794.663889949
717537.925319802
710332.064890265
703168.630836902
696058.244784501
688993.415181574
681983.662106539
675022.348561083
668117.991006664
661264.714751108
654470.119669269
647729.012306895
641048.153967851
634422.960770132
627859.425932308
621353.511453175
614910.506600825
608526.862377219
602207.222826679
595948.476938698
 589754.67761107
583623.105879604
577557.273537449
571554.812142969
565618.738891196
559746.998204522
553942.156060476
548202.435484923
542529.991829974
536923.295464353
531384.129198087
 525911.18214108
520505.900369581
515167.165498172
509896.120599451
504691.815667009
499555.122589017
 494485.23750197
 489482.79116156
484547.105307274
479678.597971715
474876.697484047
470141.636030206
465472.930892827
460870.653852196
456334.394753181
451864.089064049
447459.383928368
 443120.10132906
438845.931468098
434636.604477239
430491.840306444
426411.297747741
 422394.71403481
418441.696074733
414551.986691424
410725.159368349
406960.951528927
403258.920761879
399618.788740479
396040.113814363
392522.592142009
389065.798674407
385669.394824489
382332.987226788
379056.193804973
375838.667257312
372679.973718593
369579.825684819
366537.729606767
363553.470921429
360626.488868377
357756.654433455
354943.332451943
352186.491586381
349485.415377367
346840.181867529
344249.986685888
341715.028589999
339234.408926847
336808.458191819
334436.177300625
332118.039254494
329852.938586251
327641.501374442
325482.509993647
323376.754034285
321322.898093402
319321.905631746
 317372.31798731
315475.282836729
313629.212898913
311835.450464461
310092.274379869
308401.232068352
306760.463344725
305171.731475733
303633.032168942
302146.355513561
300709.548110185
299324.838197836
297989.918340908
296707.266690114
295474.416913314
294294.109362525
293163.714019587
292086.246355754
 291058.90795467
290085.003063594
289161.560245371
 288292.18704015
287473.734475067
  286710.1288944
285998.039409122
285341.727823599
284737.677122693
284135.453735422