576.773325499886
576.773950144302
576.774424087224
576.774499223015
576.774292580737
576.773764751129
576.772928063345
 576.77179342714
576.770347514781
576.768612238451
576.766568288675
576.764238859299
576.761603556609
576.758684498556
576.755461419899
576.751954833864
576.748144895813
576.744050435135
576.739652088963
576.734967030053
576.729976379721
576.724695702388
576.719106590174
576.713223047725
576.707027119457
576.700531294161
576.693718047449
576.686598390608
576.679155207218
576.671398063827
576.663310226572
576.654899844627
576.646150538912
576.637069063449
576.627639363561
576.617866815452
576.607735655666
576.597249895326
 576.58639402601
576.575170702215
576.563564631194
576.551577115345
 576.53919303492
576.526412341204
576.513220041326
576.499614733312
576.485581501483
576.471117585774
576.456208094326
576.440848901922
576.425025083311
576.408731139311
576.391952050062
576.374680932312
576.356902606141
576.338608793302
576.319784083859
576.300418793272
576.280497206783
576.260008222338
576.238935740295
576.217267230362
576.194986122185
576.172078447454
576.148527072944
576.124316583899
576.099429185078
576.073848008643
576.047554490467
576.020530305249
575.992756004565
575.964211803991
575.934877245972
575.904731088567
575.873751729862
575.841916475846
575.809202433589
575.775585466965
575.741041232839
575.705544168157
575.669068306681
575.631586679707
575.593071510032
575.553494451602
575.512825712114
575.471035604557
575.428092099712
575.383964215318
575.338617444265
575.292019565394
   575.244133332
575.194925352552
575.144355356665
575.092388864804
575.038982274658
574.984100116779
574.927695122657
574.869730948808
574.810156298227
574.748934089321
574.686008604162
574.621342181538
574.554874257764
574.486566775809
574.416353866597
574.344197289382
574.270025372705
574.193799935798
574.115442967745
574.034916626608
573.952135981952
573.867063848588
573.779607750429
573.689731520225
573.597334460766
573.502381831802
573.404763986701
573.304448074097
 573.20131471312
573.095333461373
572.986374358494
572.874409955125
572.759298801576
572.641017095838
572.519410920055
572.394460850838
572.265999449694
572.134012487299
571.998317873456
571.858907480356
571.715583350879
571.568344468156
571.416975695038
571.261484286483
571.101636311462
570.937449612321
570.768669832385
570.595321750896
570.417137043697
570.234143397031
570.046059596206
569.852915865656
569.654418102724
569.450599027677
569.241151603047
569.026111018968
568.805157306001
568.578328085079
568.345290522624
568.106084613456
567.860364801047
567.608173376466
567.349152282985
567.083346006471
566.810384302907
566.530313724261
566.242752251296
565.947748342265
565.644908723369
565.334283563848
565.015468974405
564.688516599586
564.353012702271
564.009010120726
563.656086176888
563.294294569037
562.923204735185
562.542870840819
562.152855658503
561.753213361141
561.343501447464
560.923773562158
560.493583506941
560.052983776811
559.601526250975
559.139261556179
558.665741634264
558.181014415331
557.684634113174
557.176645008639
556.656606035183
556.124556731258
555.580063451162
555.023159738777
554.453422340067
553.870877372045
553.275115230398
552.666152968796
552.043598197355
 551.40745703815
550.757358208851
550.093294768176
549.414920787718
 548.72221383087
548.014857951499
547.292812442844
546.555796385222
545.803747634166
545.036425796797
544.253743671961
 543.45550739894
542.641600579872
 541.81188245627
540.966202689277
540.104480831221
539.226527153309
538.332329457946
537.421652350498
536.494560669484
535.550766100981
534.590420300084
533.613173614984
532.619275481778
531.608305090349
530.580622051945
529.535722873129
528.474091486401
527.395128092173
526.299457269996
525.186366674203
524.056640612793
522.909434638466
521.745715412709
520.564482556184
519.366912351381
518.151819033363
516.920621981667
515.671913022712
514.407396607442
513.125394663196
511.827950635614
510.513054119865
509.183158818024
507.835837394923
506.474051196955
505.094836886683
503.701802063902
 502.29127135355
500.867706080253
499.426440735786
 497.97312145496
496.501609224535
495.019308663494
493.517628027135
492.006824292725
490.473181100473
488.931710215213
487.346067732648
484.300504676155
482.513543605776
480.876233742541
479.234388127509
 477.60408866494
475.957143529413
474.311380580894
472.649527585408
470.986057040966
469.307866665352
467.627095800567
465.932947730602
464.235965691685
462.526847162675
460.814990908594
459.092152413519
457.366872043158
455.631698806136
453.894504522196
452.148458376998
 450.40079868068
448.645483510533
446.888939321699
445.125873529236
443.362031841676
 441.59275182595
 439.82319897038
 438.04924858645
436.275564538056
434.498486690404
432.722239951728
430.943569643507
 429.16631255965
427.387570955818
425.610835401414
423.833524657371
422.058818072034
420.284416783159
418.513218548522
416.743177733343
414.976935891325
413.212675453355
411.452803766965
409.695709398528
407.943584755779
406.195005257439
404.451965417135
402.713210411988
400.980552087852
399.252890112743
397.531867389978
395.816524346974
394.108347423072
392.406505374847
390.712339614362
389.025135906964
387.346101198175
385.674627894274
384.011798294117
382.357101899391
380.711505551824
379.074587016749
377.447206328756
  375.8290213078
374.220793366618
372.622252716719
371.034069931471
369.456040431703
367.888751382468
366.332056657029
364.786467134493
363.251888761494
361.728762980587
360.217041769667
358.717103741069
357.228941163494
355.752876207508
354.288935963199
352.837392351254
351.398302058087
349.971892767974
 348.55824575963
347.157550331546
345.769907551276
344.395474032794
 343.03436601154
  341.6867129807
340.352641889158
339.032260545998
337.725702311423
 336.43305862948
335.154465109169
333.890002039632
332.639803244343
331.403942966768
330.182549328466
328.975695543189
327.783500222801
326.606040481399
325.443421713503
324.295729784894
323.163053257467
322.045491528477
320.943112797133
319.856034707592
318.784301644963
317.728054158679
316.687309440857
315.662235555055
314.652819188336
313.659260485472
312.681512377943
311.719811625147
310.774074209007
309.844578011746
308.931198923693
 308.03426044179
307.153595270332
306.289577005919
  305.4419921159
304.611268784454
303.797144230924
303.000105728528
302.219838273938
301.456892755555
 300.71089900599
299.982476091652
299.271195770299
298.577749898653
 297.90164927704
297.243663227961
 296.60323873808
295.981227349071
295.377009402701
294.791523507087
294.224080552135
293.675711170749
293.145654018197
292.635036840286
292.143023299925
291.670843494148
 291.21758336263
290.784580764396
290.370841214868
289.977815942762
289.604427372581
289.252245934319
288.920108335332
288.609710292146
288.319800217488
288.052205486583
287.805583699548
287.559097101689