456.633480693608
456.633767605438
456.633988776994
456.634032358843
456.633949596932
456.633724114348
456.633360491927
456.632864214601
456.632229014572
456.631464868912
456.630563135478
456.629534203528
456.628369061099
456.627077572442
456.625650826694
456.624097967454
456.622410291529
456.620596199092
456.618647214146
456.616571008962
456.614359333062
 456.61201915298
456.609542436531
456.606935466029
456.604190418531
456.601312911466
456.598295321135
456.595142617025
456.591847363928
456.588413898051
456.584834961174
456.581114268744
456.577244727246
456.573229441908
456.569061470789
456.564743317612
456.560268177968
456.555637961093
456.550845985095
456.545893570185
456.540774140912
456.535488432515
456.530029958768
456.524398872711
456.518588758912
456.512599189851
456.506423801145
456.500061585363
456.493506208021
 456.48675608159
456.479804878822
456.472650431205
456.465286394458
456.457710017669
456.449914913495
456.441897746833
456.433652059372
456.425173929816
456.416456798931
456.407496157189
 456.39828531226
456.388819164476
456.379090853824
456.369094688902
456.358823604799
456.348271317288
456.337430516472
456.326294324911
456.314855144498
456.303105505112
456.291037473787
456.278642989389
456.265913733706
 456.25284105766
456.239416203321
456.225629938387
456.211473006292
456.196935598189
456.182007895106
456.166679520605
456.150940024273
456.134778473668
456.118183712166
456.101144265941
456.083648191175
456.065683490736
456.047237345897
456.028297258247
456.008849439143
  455.9888809154
455.968376825574
455.947323753269
455.925705652853
455.903508701991
455.880715550301
  455.8573120132
455.833279305103
455.808602930068
455.783262526214
455.757243345181
455.730523296248
455.703087446563
455.674911811714
455.645981352292
455.616270012124
455.585762734297
455.554431198621
 455.52226043206
455.489219642934
455.455294057109
455.420450187632
 455.38467358937
455.347927838835
455.310198966608
  455.2714473527
 455.23165966841
455.190792817261
455.148834296368
455.105737231365
455.061490152325
455.016042082717
454.969382816837
 454.92145692727
454.872255730194
454.821718972487
454.769839778671
454.716552667243
454.661852888921
454.605669301431
454.547999633738
454.488766618601
454.427970852991
454.365528443802
454.301443301116
454.235624293714
454.168079526367
454.098710033614
454.027526643275
453.954425105031
453.879417397978
 453.80239440008
453.723369095788
453.642227496633
453.558983565189
453.473518434274
453.385847021087
453.295845585475
453.203529968995
453.108771587525
453.011587168166
452.911843337951
452.809557660973
452.704592059504
452.596964875061
452.486533441172
452.373316804806
452.257167861808
452.138106278659
452.015980702909
451.890811318917
451.762442757077
451.630895600373
451.496010738524
451.357809014117
451.216127901759
451.070988342476
450.922224774301
450.769858050742
450.613720008837
 450.45383120086
450.290021359725
450.122310491688
449.950526788127
449.774689429747
449.594625699331
449.410353633611
449.221700314956
449.028682274169
448.831127181786
448.629049651979
448.422278817909
448.210826911795
447.994525495655
447.773383893148
447.547237159531
447.316091114488
447.079785476013
446.838321887002
446.591546010538
446.339454552714
 446.08190052557
445.818874839913
445.550239391963
445.275978327318
444.995964104269
444.710173006774
444.418489888936
444.120881932576
443.817248392721
443.507545943873
 443.19169043697
442.869626444953
442.541288821804
442.206608226591
441.865541162697
 441.51800231008
441.163972740361
440.803348794026
440.436139343427
 440.06221968248
439.681630081897
439.294221671437
438.900070147903
 438.49899886914
438.091123498658
437.676235423688
437.254495434565
436.825658029087
436.389935042928
435.947038277451
435.497237473907
435.040194819812
434.576246009425
 434.10499528936
433.626853875648
433.141357926017
432.649005731836
432.149252814473
431.642698735782
431.128702597761
430.607983023671
430.079782430975
429.544961317702
429.002618739839
428.453787111812
427.897385913449
427.334660292019
426.764299037775
426.187817589331
425.603598136002
425.013511277355
424.415511681269
423.811956996914
423.200160704694
422.583183804697
421.957250095875
421.326475886518
420.684668069144
420.037005860016
419.364694055606
 418.25798154513
417.393726078594
416.694135296366
415.998517275076
415.309777062526
414.613828391657
413.918267620605
413.215087790028
412.510630109369
411.798939127438
 411.08535405134
410.365000954218
 409.64251831922
408.913717394769
408.182732380517
407.445853539914
406.706837539674
405.962331041978
405.215752034687
404.464161804757
403.710569226068
402.952416506612
402.192376915409
401.428207289802
400.662300087763
399.892676977274
 399.12149143178
398.346991532025
397.571124423535
396.792334268132
396.012387882799
395.229901084454
394.446481418867
393.660896346291
392.874611459317
 392.08652921503
391.297987695021
390.508010316353
389.717819848682
388.926548686162
388.135314714619
387.343348960222
386.551673440093
385.759608788462
384.968089031211
384.176516463304
383.385744073594
382.595248755908
381.805808661864
381.016968956547
380.229438533991
379.442825116342
378.657773407302
377.873948487793
377.091935513118
376.311452161285
375.533028326693
374.756429894293
 373.98213548867
373.209955129409
372.440319913716
371.673080196687
370.908623081396
370.146835695203
369.388064503845
368.632230048196
367.879641364272
367.130249225713
366.384328319989
365.641856628283
364.903077463294
364.167993124904
363.436818433396
362.709577238483
361.986458672397
361.267505471745
360.552883818396
359.842652766715
359.136958228794
 358.43587309096
357.739525627113
357.048000143999
356.361409866823
355.679848177555
355.003415806024
354.332212923694
353.666330287237
353.005872625301
352.350923216949
351.701589163821
351.057948740129
350.420109279757
349.788146505464
349.162165881935
 348.54224301765
347.928479442277
347.320953073806
 346.71975947341
346.124981281672
345.536706087204
344.955023658097
344.380011633097
343.811769307029
343.250362415853
342.695902177111
342.148440493271
  341.6081028998
341.074925555228
340.549050709908
340.030496886448
339.519425451413
339.015835416338
 338.51990967242
338.031625860325
  337.5511908143
337.078558958347
336.613963501218
336.157333817243
335.708931937483
335.268660365296
334.836812421706
334.413261928544
333.998335988085
333.591877940035
333.194251186947
332.805266795107
332.425327018509
332.054208867551
331.692356035779
331.339509703785
330.996157634936
330.662003414604
330.337581554067
330.022556286756
329.717511603942
 329.42207063963
329.136869657969
328.861488956162
328.596619932244
328.341798320627
328.097773590559
327.864035200971
327.641393714912
327.429290618735
327.228600686973
327.038715755162
326.860578033165
326.693528050297
326.538578793826
326.395017859316
326.251482430734