1033523.37125736
1033521.68168253
1033544.90045144
1033557.34631907
1033569.03374173
1033582.30168413
1033589.07710872
 1033600.0829375
1033603.56596213
1033611.63474547
1033612.25017356
1033617.26690508
1033615.14619403
1033617.11853618
1033612.31396344
1033611.26923713
1033603.80517555
1033599.76644375
 1033589.6519538
1033582.63276186
1033569.86494097
1033559.86840112
1033544.43347351
1033531.45231043
 1033513.3261181
1033497.34288101
1033476.49117446
1033457.47843298
1033433.85706083
1033411.77754584
1033385.33257073
1033360.13925495
1033330.80700569
1033302.44312564
1033270.15019079
1033238.54921305
1033203.21237958
1033168.29791425
1033129.82405402
1033091.50971752
1033049.79562371
1033007.98485298
 1032962.9170283
1032917.50284761
1032868.95724551
1032819.82198712
1032767.66370704
1032714.67868633
 1032658.7616235
1032601.78676906
1032541.95321933
1032480.83665821
1032416.91687797
1032351.49447592
1032283.30619697
1032213.40105368
1032140.74895284
1032066.17085148
1031988.84597436
1031909.39078506
 1031827.1699236
1031742.61896007
 1031655.2639829
1031565.38331151
1031472.64044648
1031377.18014679
1031278.77921478
 1031177.4725907
1031073.12618976
 1030965.6889303
1030855.09156919
1030741.22085789
1030624.04803802
1030503.42161006
1030379.32885501
1030251.60400108
1030120.22583279
1029985.03834885
1029845.98720968
1029702.95029189
1029555.81541195
 1029404.5184962
1029248.86470542
1029088.87225091
1028924.23873553
1028755.08895232
1028580.98795577
1028402.19147618
 1028218.1069446
  1028029.145439
1027834.53161185
1027634.85634935
1027429.13629614
1027218.16665149
  1027000.730756
1026777.85266416
1026548.05705806
1026312.62141868
1026069.78636696
1025821.10740153
  1025564.515643
1025301.86920806
1025030.76425465
1024753.38611537
1024466.97051502
1024174.05458417
1023871.48815275
1023562.18470112
1023242.58273003
1022915.99657535
1022578.42802235
1022233.61670484
1021877.10237702
1021513.07433103
 1021136.5850698
1020752.29780227
1020354.75268199
1019949.11096981
 1019529.3755228
 1019101.2296428
1018658.11412526
1018206.25813203
1017738.51584696
1017261.68591551
1016768.01161028
1016264.88446225
1015743.91282078
1015213.10425459
1014663.40850601
1014103.47204985
1013523.56273509
1012932.98835871
1012321.31272481
1011698.52337336
1011053.47681423
 1010396.7639755
1009716.79494266
1009024.35398342
1008307.75070531
1007577.79079978
1006822.75211229
1006053.42317112
1005258.08008044
1004447.46690168
1003609.88488466
1002756.00737665
1001874.18743708
1000975.00172049
1000046.88174633
999100.281745313
998123.738327455
997127.557855817
 996100.40861755
995052.423997301
  993972.4304752
992870.363726989
991735.234842647
990576.757486836
989384.153647819
988166.891153642
986914.429020311
985635.965938463
984321.223890932
 982979.10970215
981599.634038468
980191.389747093
978744.701639828
977267.827136898
975751.430370428
974203.412585597
972614.802090753
970993.123946057
969329.795142051
 967631.94531346
 965891.40425952
964114.887744033
962294.662094579
960437.011571675
958534.662319476
956593.450285715
954606.584267131
952579.435911998
950505.719037326
948390.325816802
946227.496976926
944021.630829124
941767.516417245
939469.044551658
937121.573526108
934728.473704949
932285.693105937
 929796.06932274
927256.160142813
924668.258590187
922029.551885172
919341.777090551
916602.770205263
913813.701200983
910973.073972125
908081.480354261
905138.111142151
902142.968861761
899095.950252856
895996.456973528
 892845.11098775
 889640.70083509
886384.593465648
883074.950987458
 879713.90589663
876298.979047191
872833.090239415
 869313.10219719
 865742.74549094
862118.205115837
858444.048237919
854715.758970951
850938.770100827
847107.837104173
843229.291700689
839297.127026778
835318.612773974
831286.938333396
827210.358042643
823081.206103365
818908.778400488
814684.489278556
810418.746875645
806101.963338214
 801745.74861759
797339.406248861
792895.863722081
788403.175966042
 783875.74080131
 779300.17628698
774692.557249861
  770037.8045873
765353.957687585
760623.867248818
755867.951024438
751066.428575317
746242.716366301
741373.500565588
736486.172886517
731552.280200178
726604.806046329
721606.770009504
716599.392914573
711527.109576356
706439.408220838
701184.845349005
692669.207612966
686141.067347314
680887.953309514
675692.269985936
670575.058619138
665431.594595282
660318.413893708
655176.996897526
650054.228733826
644907.218356602
639775.116335857
634623.294769951
629485.452550162
624332.213695867
619193.313331919
614043.059745275
608908.183944637
603765.744901089
598639.796218725
593510.486056586
  588398.7561315
583287.549394039
578195.256011221
573107.105163354
568039.353878611
562979.134679516
557940.891679244
 552913.36470842
547909.435800649
542919.217928046
537954.231535432
 533005.77390402
528084.167022797
523181.737676654
518307.744267935
 513455.41435441
508633.055872996
503834.688769011
499067.766649514
494327.009592521
489619.099566731
484939.377499481
480293.825642557
475678.337053679
471098.257464978
  466549.9720486
462038.246073741
457559.904054883
453119.180952875
448713.293938476
444345.992893893
440014.846116976
 435723.15949348
431468.815322551
 427254.71305098
423079.015639964
418944.250632394
  414848.8315893
 410794.94606985
406781.231025359
402809.563669132
398878.779629758
394990.473403177
391143.656777757
387339.667376526
383577.672569514
379858.777354386
376182.285824829
372549.093160206
368958.622851122
365411.581756964
361907.496806317
358446.906839984
355029.427491153
351655.448782276
348324.661418951
345037.324787192
341793.192024791
338592.409117392
335434.779890411
 332320.35328342
329248.972875223
326220.606089322
323235.126058155
320292.433446943
317392.421408817
314534.937884177
311719.887120054
308947.077685703
306216.416546933
303527.685617682
300880.786709871
 298275.48719995
295711.676331219
293189.118500868
290707.683386353
288267.143441323
285867.342160736
283508.070604232
 281189.13981451
278910.369556251
276671.532466039
 274472.48669744
 272312.96081451
270192.860663448
268111.865330508
266069.937313212
264066.701051552
262102.184343193
260175.952027679
258288.105577112
256438.145469657
254626.254987405
 252851.86566007
251115.250512871
249415.767695636
247753.787744264
246128.591136055
244540.653557475
242989.173643894
241474.739783249
 239996.46470818
238555.057010042
237149.539553447
235780.748627694
 234447.61334734
233151.105229819
231890.055830077
230665.579504864
229476.406502911
228323.801760099
227206.390527226
226125.596238228
225079.935502559
224070.998403981
223097.189310982
222160.273399786
 221258.53923953
220393.935894253
219564.632616188
218772.771573368
218016.399227785
217297.860562288
216615.075824964
215970.603100067
 215362.23305873
214792.747839622
214259.805249544
213766.423200657
  213310.1234449
 212855.23725665