0.0975424109388664
0.0975094027601111
0.0974840672121284
0.0974794538604858
0.0974895905668618
0.0975163820717829
0.0975592810806117
0.0976176273975989
0.0976921230240666
0.0977815705574608
 0.097886932936467
 0.098006952959632
 0.098142620866773
0.0982927300366116
0.0984582432610936
0.0986380280820726
0.0988330075413811
0.0990421265228759
0.0992662661180549
0.0995044470458342
0.0997575086789173
  0.10002454508678
 0.100306354765999
 0.100602102538058
 0.100912547043426
 0.101236921334024
 0.101575945286943
 0.101928917772927
  0.10229652104507
 0.102678117487828
 0.103074352909485
 0.103484650998293
 0.103909622335006
 0.104348749784453
 0.104802609955251
 0.105270742832048
 0.105753692345724
 0.106251053602757
 0.106763339191217
 0.107290197388999
 0.107832110818874
 0.108388779016574
 0.108960656062193
 0.109547490862176
 0.110149710424627
 0.110767111155961
 0.111400094514394
 0.112048502542094
  0.11271271272465
 0.113392610872602
 0.114088552135404
 0.114800464211857
 0.115528681615442
 0.116273172030846
 0.117034251104164
 0.117811924571844
 0.118606491054672
  0.11941799236544
 0.120246712020593
 0.121092725882939
  0.12195630437015
 0.122837555308095
 0.123736738111841
 0.124653990412875
 0.125589562816763
 0.126543620522612
 0.127516407623165
  0.12850811455634
 0.129518981309264
 0.130549221128542
 0.131599072420684
 0.132668768698762
 0.133758549439075
 0.134868665755766
  0.13599936097865
 0.137150901022986
 0.138323535997412
 0.139517543672035
 0.140733184009815
 0.141970743531025
 0.143230495287575
 0.144512731274308
  0.14581774103515
 0.147145818580122
 0.148497273526316
 0.149872398242414
 0.151271526187941
 0.152694944222865
 0.154143013616921
 0.155616011628923
 0.157114331515877
 0.158638236603301
 0.160188156532978
 0.161764336110173
 0.163367245990942
 0.164997107602942
 0.166654437489948
 0.168339428558211
 0.170052648368964
 0.171794255860276
 0.173564875009646
 0.175364625020223
 0.177194191966824
 0.179053649213495
 0.180943750909297
 0.182864518119618
   0.1848167793546
 0.186800496547645
 0.188816579181236
 0.190864922830846
 0.192946524901925
 0.195061206974173
 0.197210061681436
 0.199392828538166
 0.201610703082757
 0.203863334243165
 0.206152028525624
 0.208476335278007
 0.210837680441784
 0.213235504297859
 0.215671361111943
 0.218144572096398
 0.220656829169908
 0.223207323938272
 0.225797895760329
 0.228427595538656
 0.231098420337319
  0.23380926867772
 0.236562306092515
 0.239356266438536
 0.242193495004999
 0.245072548045398
 0.247995962571902
 0.250962102949134
 0.253973713881119
 0.257028935167078
 0.260130733605545
 0.263277098391421
 0.266471091849953
 0.269710628006242
 0.272998838738673
 0.276333572101785
 0.279718022656288
 0.283149976329733
 0.286632684709455
 0.290163875297179
 0.293746850755173
 0.297379284162471
 0.301064522872475
 0.304800189899462
 0.308589670446731
 0.312430542199173
 0.316326220894522
 0.320274244022196
   0.3242780500485
 0.328335141821639
 0.332448972223952
 0.336617015459836
  0.34084272999193
 0.345123567845298
 0.349462983687016
 0.353858414319595
 0.358313300680972
 0.362825071826967
 0.367397144456623
 0.372026947902561
 0.376717863519289
 0.381467329518065
 0.386278680185973
 0.391149371826311
 0.396082679295105
 0.401076086848945
 0.406132796882143
 0.411250332153584
 0.416431808868454
 0.421674799568952
  0.42698231981284
 0.432352003988187
 0.437786751776609
  0.44328427231196
 0.448847333354343
 0.454473732584076
 0.460166088923332
 0.465922303372932
 0.471744828165197
 0.477631683452481
 0.483585135913219
 0.489603341836281
 0.495688362378617
 0.501838508217717
 0.508055613808367
 0.514338163868663
  0.52068774362601
 0.527103033047643
 0.533585344105605
 0.540133574967153
 0.546748738627266
 0.553429976368063
  0.56017797456092
 0.566992144747322
 0.573872816823026
 0.580819702283432
 0.587832742149134
  0.59491198050271
 0.602056934123756
 0.609268015728503
 0.616544279008147
 0.623886545355656
 0.631293362407014
 0.638766004994443
 0.646302466817486
 0.653904526532806
 0.661569570109106
 0.669299937174804
 0.677092344994047
 0.684949759529252
 0.692868159565185
 0.700851212849936
 0.708894079011162
 0.717001215574908
 0.725166868670744
  0.73339638938978
  0.74168299867901
 0.750033065171761
 0.758438650613158
  0.76690729139998
 0.775429726819234
 0.784014846026259
 0.792651863598383
 0.801351253556902
 0.810100450371267
 0.818911810558152
 0.827770658803017
 0.836691625776545
 0.845657489783964
 0.854685687528334
 0.863755854967509
 0.872888986157806
 0.882060731154132
   0.8912967584198
  0.90056748474819
 0.909905034474335
 0.919272648713663
 0.928712058978666
 0.938176140642755
 0.947722853150711
 0.957289511190441
 0.966969907456662
 0.976685689354111
 0.986716982950459
  1.00311449811447
  1.01582456644377
  1.02605475339836
  1.03617716910101
  1.04615244034445
  1.05618623666041
  1.06616999128933
   1.0762195379337
  1.08624498125212
  1.09633184123908
  1.10640514385602
  1.11653443093995
  1.12665518770329
  1.13682683649161
  1.14699240846623
  1.15720425460587
  1.16741106817014
  1.17765994230752
  1.18790459770383
  1.19818615898537
  1.20846425779125
  1.21877459272328
   1.2290816174107
  1.23941657652528
   1.2497479337107
  1.26010320773969
  1.27045425217654
  1.28082541951612
  1.29119146894836
  1.30157402662944
  1.31195037177677
  1.32233975672751
  1.33272166850479
  1.34311327280548
   1.3534960078613
  1.36388519010457
  1.37426399526127
  1.38464608927266
  1.39501620519085
  1.40538652688169
  1.41574319113371
  1.42609704397565
  1.43643549363608
  1.44676817307644
  1.45708364689477
  1.46739044392627
  1.47767818412201
  1.48795438815323
  1.49820964185944
  1.50845054298906
  1.51866856336187
  1.52886945413053
  1.53904550113701
  1.54920167781158
  1.55933101870559
  1.56943778213693
  1.57951569163073
  1.58956834771683
   1.5995901078551
   1.6095839676349
  1.61954486737733
  1.62947524677547
  1.63937058129331
  1.64923280053248
  1.65905787022444
  1.66884725291943
  1.67859736215144
  1.68830923409635
   1.6979796896698
  1.70760937732827
  1.71719548668037
  1.72673831538701
  1.73623538452677
  1.74568667640651
   1.7550900075888
  1.76444507919937
  1.77374996833911
  1.78300412804074
  1.79220586186816
  1.80135440692303
  1.81044825988016
  1.81948647328296
  1.82846770416024
  1.83739085119969
  1.84625469951075
  1.85505802406049
  1.86379970615139
  1.87247842668711
  1.88109313157547
   1.8896424369136
  1.89812532185102
  1.90654036660251
  1.91488655235239
  1.92316245208324
  1.93136701790399
  1.93949884399232
  1.94755682231442
  1.95553959649166
  1.96344596727429
  1.97127465583577
  1.97902434058701
  1.98669384825494
  1.99428170369658
  2.00178686711534
  2.00920767847087
  2.01654325931198
   2.0237917331929
  2.03095241084355
  2.03802316770626
  2.04500353151188
  2.05189109765342
  2.05868563868074
  2.06538443773742
  2.07198754002017
  2.07849188392919
  2.08489781515401
  2.09120189453223
  2.09740479611638
  2.10350267000545
  2.10949654651271
  2.11538213143335
  2.12116083926709
  2.12682789751742
  2.13238513282237
  2.13782725994829
  2.14315654564439
  2.14836715699975
  2.15346182886077
  2.15843414516529
  2.16328733684473
  2.16801436863578
  2.17261899552941
  2.17709352638983
  2.18144226820956
  2.18565683663806
  2.18974211855504
  2.19368899832845
  2.19750297052528
  2.20117414938068
  2.20470866482736
   2.2080958212669
  2.21134241151272
  2.21443688950945
  2.21738673825034
  2.22017951959525
  2.22282343374027
  2.22530510773777
  2.22763348566028
  2.22979421583076
  2.23179701243547
  2.23380023057159