397738.220194243
397738.252827078
397747.712264009
397752.597308622
397756.885457381
397761.437326397
397763.157143128
397766.184716585
397765.981869495
397767.232478617
397765.282658762
397764.719540546
397761.080964851
397758.712556191
397753.409835214
397749.249667791
397742.293985538
397736.351466538
397727.745617952
397720.024079422
397709.763873904
 397700.26029956
397688.335062058
397677.040171345
397663.432991895
397650.331372444
397635.019261541
397620.089480092
397603.043469971
397586.258147837
397567.443351513
397548.769203508
 397528.14483641
397507.542674786
397485.062041807
397462.486747097
397438.097197122
397413.497657542
397387.140507085
397360.459527912
397332.069955146
397303.244139188
397272.751049415
397241.710649438
397209.036512783
397175.705256581
 397140.76591849
397105.060807058
397067.765272038
397029.596351166
396989.846539995
396949.116645448
396906.807125996
396863.411602338
396818.429293999
396772.255686989
396724.479538638
396675.407261058
396624.707902358
396572.607873055
396518.847238878
396463.581494739
 396406.61242241
396348.033702958
396287.699502014
396225.650806275
396161.784800378
396096.098915664
396028.523956345
395959.022958616
395887.550910504
395814.045635964
395738.476833226
395660.766320891
395580.888994609
395498.759899611
395414.349575956
 395327.57555345
395238.394422548
 395146.73548219
395052.531737745
394955.733568841
394856.240718676
394754.033986257
 394648.97013415
394541.069746419
394430.136845792
394316.241193608
394199.124273858
 394078.91444318
393955.280809736
393828.419768225
393697.918177705
393564.049937042
393426.309749242
393285.058505067
393139.688813922
392990.658065729
392837.246811811
392680.018465607
392518.131533233
392352.264990282
 392181.44529284
392006.476528387
391826.243086094
391641.683722588
391451.530737551
391256.867117592
391056.263051752
390850.955316699
390639.341979016
390422.823160023
390199.614810097
389971.289939213
389735.872415412
389495.117665271
389246.847546417
388993.009408064
388731.213218694
388463.607728095
388187.581198402
387905.493223291
387614.500615937
387317.183215751
387010.456732869
386697.130605706
386373.869890618
386043.722922236
385703.094671829
 385355.28160166
384996.419312877
384630.061501761
384252.065534695
383866.250016238
383468.192205177
383061.948319941
382642.913873277
382215.223479873
381774.228681385
381324.073589137
380860.093306425
380386.426507208
379898.403764417
379400.147972352
378886.995858178
378363.044642638
377823.647852568
377272.867270198
 376706.08391723
376127.314492652
375531.978259218
374924.037324043
374298.959981957
373660.644393639
373004.618714423
372334.707976245
371646.511052478
370943.770854376
370222.167850836
369485.354048597
368729.102399509
367956.965447161
 367164.81951287
366356.109359786
365526.825552595
364680.297012912
363812.639397586
362927.057994973
362019.804364562
361093.952650201
360145.901072334
359178.585408099
 358188.56123072
357178.619023103
356145.482321925
 355091.78968515
354014.443127713
352915.922946902
351793.320040325
350648.950397454
349480.104078682
348288.926995634
347072.918514397
345834.048958605
344570.036994508
343282.672083891
341969.902030195
340633.330365125
339271.143703063
337884.754744495
336472.598423499
335035.891828069
333573.327559379
332085.922374588
330572.635738459
329034.279354129
327470.088614609
325880.665360936
324265.529877052
322625.069154878
320959.097273344
319267.781099051
317551.237411495
315809.407257221
314042.719104552
312250.881914515
310434.645022648
308593.478288166
306728.461422928
304838.817202364
302925.965737107
300988.873512198
299029.311809401
297045.980076096
295041.012593877
293012.829093228
 290963.94013898
288892.470641047
286801.322706692
284688.308266178
282556.738892029
280404.091495934
278234.108621066
276043.905141485
273837.680905047
271612.155246161
269372.018200523
267113.551472337
264841.977144246
262553.085575831
260252.685241997
257936.005298899
255609.512673725
 253267.78232174
250918.037455884
248554.071363663
246184.000076294
243800.653841173
241413.238449122
239013.349931063
236611.579593315
234197.854959743
231784.618982166
 229359.36009531
226937.145113633
224501.401016384
222071.082693331
219620.745251173
217173.245930229
214657.317685976
210592.821020169
207486.423414934
205000.636942225
202554.228425836
200156.628186544
  197758.5982336
195386.480917498
193013.131776326
190660.224766399
188308.091246162
185974.653568445
183644.196882476
181331.984268617
179024.814178902
176736.003063692
174454.112351646
172190.972311424
169936.460209404
167701.092004837
165476.180834426
163270.763843711
  161077.4353598
158904.023536334
156744.160928185
154604.668655651
152480.034902173
150376.228791626
148288.453308349
146221.947439432
144172.517952237
142144.771460442
140135.029384124
138147.345816502
136178.484162814
134232.012264075
132305.075484344
130400.811190285
128516.696560764
126655.486033044
 124814.94630417
122997.489869727
121201.136965979
119427.993840187
117676.303436944
 115947.89711889
114241.213948153
112557.838182778
110896.381937114
109258.207144196
 107642.07886126
  106049.1589362
104478.347756806
  102930.6271534
101405.017355291
99902.3383662672
98421.7165842749
96963.8267413248
95527.8892927615
94114.4488141798
92722.8090561935
91353.3982768159
90005.5939302228
88679.7206551237
87375.2210368175
86092.3277670354
84830.5408804589
83590.0118657811
 82370.291306114
81171.4593865526
79993.1110240967
78835.2642280601
77697.5526398301
76579.9405130825
75482.0951387188
74403.9347839349
73345.1557877564
72305.6375998038
71285.1014260696
70283.3945130799
69300.2591263411
68335.5164110821
67388.9262178172
66460.2892179238
65549.3796695572
64655.9829587653
63779.8848395837
62920.8601952878
62078.7036017793
61253.1838469761
60444.1018677208
59651.2244178055
58874.3565252695
58113.2666521342
57367.7618195728
56637.6156471739
 55922.635205455
55222.6024524181
54537.3227028004
53866.5891887268
53210.2037886985
52567.9737218089
51939.6958619073
51325.1939263286
50724.2583164965
50136.7315780943
49562.3962626506
49001.1159127337
48452.6639334249
47916.9268900244
47393.6678169771
46882.7982036969
46384.0695543514
45897.4200770552
45422.5886434789
44959.5418854328
44508.0049907439
 44067.974647108
43639.1613520592
43221.5934251021
42814.9657064728
 42419.339683454
42034.3936064228
41660.2236427092
 41296.490550232
40943.3266812521
40600.3744245323
40267.8038312304
39945.2380665899
39632.8864205538
 39330.351999734
39037.8849160014
38755.0673989171
38482.1920267149
38218.8193481722
37965.2861325643
37721.1304575106
37486.7351084356
37261.6149141662
37046.2006233638
 36839.983051368
36643.4430026285
36456.0465285725
36278.3267530663
36109.7242298139
35950.8268650796
35801.0490016398
35661.0360221123
35530.1753713841
35409.1728686954
 35297.388408143
35186.0265186055