 2.64342752111929
 2.64342441616944
 2.64348472416311
  2.6435166862232
   2.643546144081
 2.64357900717934
  2.6435946475705
 2.64362051555101
 2.64362652223382
 2.64364368195354
 2.64364116410129
 2.64364933541547
 2.64363864355571
 2.64363785646381
 2.64361913291847
 2.64360946323549
  2.6435827740839
 2.64356428222952
 2.64352964985448
 2.64350236751873
 2.64345977936498
 2.64342370729079
 2.64337311877932
 2.64332822697644
 2.64326956284527
 2.64321579119858
 2.64314894629816
 2.64308620510549
 2.64301104490737
 2.64293921525118
   2.642855576144
  2.6427745100862
 2.64268219948792
 2.64259172009564
 2.64249051639801
 2.64239041761025
 2.64228006996707
 2.64217011631151
 2.64205034427964
 2.64193027044684
 2.64180076348671
 2.64167027376774
 2.64153069060849
 2.64138945819977
 2.64123942607273
 2.64108709225105
 2.64092620599359
 2.64076237916262
 2.64059020019353
 2.64041445480229
 2.64023050996863
 2.64004238530131
 2.63984616559601
  2.6396451644318
 2.63943612358034
 2.63922171072164
 2.63899926363604
 2.63877086430243
 2.63853438539998
 2.63829138348561
 2.63804020486989
 2.63778194106145
 2.63751535056278
 2.63724112031515
 2.63695835938786
 2.63666741075477
 2.63636767222844
 2.63605920354531
 2.63574162922766
  2.6354147866442
 2.63507846477301
 2.63473233963322
 2.63437630217552
 2.63400992824317
 2.63363314803961
 2.63324549856737
 2.63284688632061
 2.63243687096177
 2.63201527206781
 2.63158173362969
 2.63113592485168
 2.63067763589036
  2.6302063218751
 2.62972198113207
 2.62922379076976
 2.62871201945137
 2.62818550208045
 2.62764483998212
  2.6270884614414
 2.62651736291956
  2.6259295014514
 2.62532633124709
 2.62470527325611
 2.62406830217561
 2.62341223784924
 2.62273963830843
 2.62204665710687
 2.62133649854801
 2.62060458457314
 2.61985482876418
 2.61908185601896
 2.61829035224827
 2.61747407980036
 2.61663855998156
 2.61577662704764
 2.61489470075236
 2.61398462172216
  2.6130537711613
 2.61209293058369
   2.611110505561
 2.61009615311776
 2.60905936598315
 2.60798861147974
 2.60689453211365
 2.60576434052025
 2.60460989138435
 2.60341707796485
 2.60219902925886
 2.60094025482981
 2.59965521979916
 2.59832698616564
 2.59697141660925
  2.5955700622299
 2.59414024426291
 2.59266194020116
 2.59115399033273
 2.58959473655744
 2.58800459814902
 2.58636022025477
 2.58468366042105
 2.58294980688747
 2.58118241369361
 2.57935455488837
 2.57749172920127
 2.57556518703135
 2.57360198036763
 2.57157219943083
 2.56950339808339
 2.56736539976168
 2.56518581543632
  2.5629343795233
 2.56063866125355
 2.55826838346229
 2.55585100411248
 2.55335630385063
  2.5508115626225
 2.54818668779369
 2.54550871527794
 2.54274774813451
 2.53993051290925
 2.53702737738706
 2.53406469419192
 2.53101316486785
 2.52789870446255
 2.52469241725107
 2.52141971807079
 2.51805218277056
 2.51461466448605
 2.51107927928224
  2.5074702583663
 2.50376032638639
 2.49997303377939
 2.49608178179034
 2.49210938274623
 2.48802998206862
 2.48386559824903
 2.47959118794829
 2.47522792181575
 2.47075163421323
 2.46618259575506
 2.46149758428038
 2.45671592007279
 2.45181538945588
 2.44681431405227
 2.44169155282646
 2.43646438242624
 2.43111279768494
 2.42565298600823
 2.42006614032553
 2.41436731658588
 2.40853896697724
 2.40259497580898
 2.39651911457172
 2.39032405773098
 2.38399495496631
 2.37754323458595
 2.37095548216484
 2.36424184530345
 2.35739040199911
 2.35040998618413
 2.34329022365385
 2.33603860307895
 2.32864635233915
 2.32111958433731
 2.31345118233862
 2.30564585371531
 2.29769818958951
 2.28961146236666
 2.28138202288614
 2.27301167897668
 2.26449859274017
  2.2558430770473
 2.24704515688397
 2.23810361829792
 2.22902040136649
 2.21979273111664
 2.21042451616729
 2.20091138297806
 2.19125926424409
 2.18146214573972
 2.17152804293225
 2.16144925273806
 2.15123593663173
 2.14087864662541
 2.13038975974485
 2.11975801691936
 2.10899808886434
 2.09809682626855
 2.08707128324731
 2.07590632446375
 2.06462149263483
 2.05319954922232
 2.04166265146661
 2.02999131271312
 2.01821045845401
 2.00629817260725
 1.99428234023663
 1.98213838601807
 1.96989739730691
 1.95753184379465
 1.94507632923424
 1.93249998075057
 1.91984133377613
 1.90706565340401
 1.89421596914859
 1.88125296791302
 1.86822495654732
 1.85508701981632
 1.84189386989943
  1.8285934525781
 1.81524857732378
 1.80179758244704
 1.78831403919575
 1.77472228924163
 1.76111107751602
 1.74738149535927
 1.73364468224869
 1.71975101951387
  1.7058341234204
 1.69148266759797
 1.66824822366472
 1.65045403688364
 1.63616092900553
 1.62204661783158
 1.60816738228443
 1.59423886682117
 1.58041414079562
 1.56653499003376
 1.55272803736641
 1.53887774040907
 1.52508950800139
 1.51127036137901
 1.49751072913319
 1.48373197419937
  1.4700136091643
 1.45628705755655
 1.44262353876222
 1.42896198682817
 1.41536624878307
 1.40178361607032
 1.38826945708411
 1.37477859125888
 1.36135944158816
 1.34797296749593
 1.33466179234494
 1.32139197114297
 1.30820120538829
 1.29505983882598
 1.28200133942593
 1.26899970214419
 1.25608471227241
 1.24323350260416
 1.23047262452715
 1.21778192854925
 1.20518510363804
 1.19266436939736
 1.18024086431683
 1.16789888430609
 1.15565728274255
 1.14350218333649
 1.13145038277815
 1.11948961969878
  1.1076348328568
 1.09587519194439
 1.08422395243424
 1.07267155512418
 1.06122972704051
  1.0498900400215
 1.03866283104413
 1.02754067962171
 1.01653265729247
 1.00563224201545
0.994847352828523
0.984172268961375
0.973613859914291
 0.96316711936025
0.952837961620496
0.942622016920536
0.932524331273211
0.922541101326114
0.912676585081439
0.902927482250993
0.893297337306437
0.883783295603352
0.874388257373153
0.865109761421669
0.855950128366357
0.846907242888705
0.837982906398332
 0.82917530597366
0.820485780380333
0.811912779258657
0.803457231776515
0.795117813551957
0.786895093965263
0.778787940936365
0.770796610878728
0.762920132946541
0.755158494636364
0.747510857613383
0.739976981931746
0.732556135155925
0.725247888973642
0.718051592142266
0.710966664822209
0.703992513979438
0.697128442998625
0.690373895628642
0.683728091281633
0.677190490476118
0.670760259637483
0.664436857321742
 0.65821942625994
 0.65210740547626
0.646099941725072
0.640196437985441
0.634396071291837
0.628698193023906
0.623102035402311
0.617606883523901
0.612212048457987
0.606916735125639
0.601720355968146
0.596622022554558
0.591621270184878
0.586717104548983
0.581909204356631
0.577196457478205
0.572578705748396
0.568054707807146
 0.56362448759238
0.559286663578826
 0.55504146014777
0.550887345101067
0.546824761064141
0.542852015039751
0.538969785258018
0.535176208135648
0.531472214528252
0.527855760779933
0.524328047154478
0.520886840701114
0.517533627740316
0.514265977035808
0.511085677585873
0.507990091079782
0.504981325897439
0.502056528039805
 0.49921814216966
0.496463090137603
0.493794170108002
 0.49120807145123
0.488707963495957
0.486290294918866
0.483958624453966
0.481709151976287
 0.47954584458874
 0.47746464535638
 0.47546994959152
0.473557435640423
0.471731947911044
 0.46998889222975
0.468333584215907
0.466761149497619
0.465277398453198
 0.46387716898395
0.462566791431805
0.461340808630948
 0.46020609799858
0.459156900203353
  0.4581111071787