524.171843686028
 524.17250238127
524.173010149569
524.173110205328
524.172920199497
524.172402533934
524.171567725851
524.170428368347
524.168970072786
524.167215745855
524.165145548449
524.162783333999
 524.16010841495
524.157143439828
524.153867953796
524.150302951296
524.146428454894
524.142263752672
 524.13778938945
 524.13302298261
524.127945595403
524.122573225436
524.116887437836
 524.11090265987
524.104600937817
524.097995173036
524.091067870059
524.083830443306
524.076265830929
524.068383994139
524.060168278376
524.051627220475
524.042744545032
 524.03352738881
524.023959825505
 524.01404761192
524.003775138718
523.993146798984
523.982147265976
523.970779581754
523.959028665382
523.946896217363
523.934367363186
523.921442468341
523.908106822581
523.894359460353
523.880185790515
523.865583518189
523.850538122982
523.835045980501
523.819092589306
523.802672993741
523.785772655836
523.768385285733
523.750496249466
523.732097919203
523.713175501226
523.693720025519
523.673716470201
523.653154518807
523.632018847837
523.610297790463
523.587975642619
523.565039383964
523.541472844943
 523.51726164977
523.492389071945
523.466839379971
523.440595191827
523.413639422217
523.385953927237
523.357520272394
523.328319437055
523.298331645404
523.267536875966
523.235914023374
  523.2034419311
523.170098180574
523.135860335016
523.100704684328
523.064607354332
523.027543371233
522.989487253327
522.950412798033
522.910292731915
522.869099666592
522.826804337461
522.783378222529
522.738789850097
522.693009627175
 522.64600364124
522.597741302706
522.548186005282
522.497306250474
522.445062464568
522.391422342776
522.336343048005
522.279791588513
522.221721543899
522.162099373504
522.100874727898
522.038013676411
521.973461567186
521.907184261658
521.839122402436
521.769241850964
521.697478109353
521.623797275532
521.548129242023
521.470440611317
521.390655160711
521.308740300225
521.224613147187
 521.13824226055
521.049537511114
520.958468990445
520.864938691573
520.768918668777
520.670302358334
520.569064258214
520.465088518026
 520.35835261607
 520.24873063102
520.136203618965
 520.02063474544
519.902009308099
519.780178655391
 519.65513306254
519.526711091203
519.394908808738
519.259550950047
 519.12064027576
518.977986572843
518.831600323108
518.681274993085
518.527030810628
518.368643589213
518.206139954806
518.039283920176
517.868104936117
517.692356188903
517.512069639639
517.326987693344
517.137144779667
516.942272530223
516.742407811787
516.537271534365
516.326902956978
516.111012375799
515.889641379794
515.662489821682
515.429601538087
515.190666177735
514.945729719897
514.694471924619
514.436940783042
514.172806564777
513.902119112896
513.624539695132
513.340119813609
513.048512320708
 512.74977014757
512.443538423678
512.129871237294
511.808406801616
511.479200043014
511.141883187672
510.796511628095
510.442712664161
510.080541723035
 509.70962237949
 509.33000959706
508.941324576477
508.543621244378
508.136519938067
507.720072889886
 507.29390125396
506.858054816538
506.412157408977
505.956255513724
505.489977691024
505.013366142911
 504.52605641319
504.028085313343
503.519097841056
502.999124157019
502.467821412515
501.925211688297
  501.3709672335
500.805100429462
 500.22730182892
 499.63757227947
 499.03562412394
498.421444598832
497.794771626488
497.155576479376
496.503626777657
495.838875163386
495.161123432476
494.470302572494
 493.76625342951
 493.04888190268
492.318073203804
491.573704237958
490.815710394103
490.043935131723
489.258370391815
488.458821101409
487.645342776088
486.817695978999
485.976007576417
485.119987056966
484.249841301503
 483.36522096627
482.466422670166
481.553029219748
480.625437976938
479.683153350053
478.726686020541
477.755449565258
476.770082516794
 475.76989283553
474.755663906394
 473.72658030757
472.683590448352
471.625733913932
470.554148454325
  469.4677019898
 468.36775145228
467.252959606579
466.124939938953
464.982107128641
463.826379120657
 462.65586608126
461.472853490958
460.275070503914
459.065255846543
457.840649813606
456.604565276063
455.353593649445
454.091800272821
452.814872970267
451.527906761848
450.225236044601
448.913440295494
447.584556596435
446.247389031165
444.888884696311
443.520087877678
442.101426427732
439.771074935214
437.955535750434
436.488657511008
435.032548988308
433.593234356013
432.141278162282
430.692564340101
429.230454073562
427.768179574204
426.293424188589
424.817300608052
423.329773338813
421.840469069299
420.340799349271
418.839317855483
417.328449201643
415.815940469759
414.294971119174
412.772566234621
 411.24277320356
409.711756013875
408.174355530908
 406.63602949277
405.092272242808
403.547950747353
401.999107563711
 400.45010709957
398.897458840812
397.345093572651
395.789923473324
394.235500649399
392.679088198783
391.123904107249
389.567519947049
388.012856283018
 386.45775783833
384.904878412576
383.352306089922
381.802453844438
380.253627696826
378.708022009531
377.164138806136
375.623973075364
  374.0862037352
372.552643238316
371.022130599902
369.496310621601
367.974167528005
366.457191753783
364.944499436536
 363.43743860607
361.935245353729
360.439136167836
 358.94845626606
357.464300539787
355.986113470234
354.514877523497
353.050127408923
351.592741685131
350.142336967979
348.699695870215
347.264509211803
345.837471145435
344.418339532724
343.007727142815
341.605452189632
 340.21205278119
 338.82740121083
337.451967339724
336.085671635923
334.728921858329
333.381681071835
332.044300840179
330.716781538499
329.399424232133
 328.09226158042
326.795549659664
325.509348621237
 324.23387489391
322.969211539552
321.715540529693
320.472963445466
 319.24163285463
318.021664638756
316.813186890975
 315.61632573111
 314.43118959344
313.257910916495
 312.09658318786
 310.94734137542
309.810268637392
308.685498800714
307.573109224738
306.473229034189
305.385934240719
304.311345805575
 303.24954277156
302.200634566968
301.164707579055
300.141856418026
299.132179069938
298.135752119238
297.152689352708
296.183046192555
 295.22695638232
294.284451110853
293.355688195232
292.440671579807
291.539587239529
290.652408918057
 289.77935480712
288.920365543769
288.075695577297
287.245249578146
286.429322283521
285.627779579087
284.840960517868
284.068689420622
283.311353690238
282.568733336965
281.841268162723
281.128691152908
280.431498582378
279.749373725661
279.082873439481
278.431628627153
277.796260882174
277.176346099653
276.572574822575
275.984465322291
275.412781374501
274.856981031194
274.317905668254
273.794950541636
273.289039093977
 272.79950122708
272.327347032271
271.871838517915
271.434077138847
 271.01325449056
270.610568258542
 270.22513712806
  269.8582600559
269.508980344845
269.178703460446
268.866394880645
 268.57357204012
 268.29912018573
268.044674433165
267.809037436349
267.573545895973