44.5411306222608
44.5260859593057
44.5145384532787
44.5124360884514
44.5170567851339
44.5292687075959
44.5488223670162
44.5754167963993
44.6093718936454
44.6501418008362
44.6981653103836
44.7528692786639
44.8147049017763
44.8831220632349
44.9585594083498
45.0405005982648
45.1293661199063
45.2246748617015
45.3268281488257
45.4353794102117
45.5507109140862
45.6724094969328
45.8008387531791
45.9356177413419
46.0770918458357
46.2249111962302
46.3794034636509
46.5402487473284
46.7077575228713
46.8816388058049
47.0621864119069
47.2491372625125
 47.442769066366
47.6428456773136
47.8496292669581
48.0629096799685
48.2829341381739
 48.509517561645
48.7428928279436
48.9828990382821
49.2297553504974
49.4833241689356
49.7438115763998
50.0111024138689
50.2853903552534
50.5665818185589
50.8548587578753
51.1501483110139
51.4526214258928
51.7622251008561
52.0791200176767
52.4032721695192
52.7348327403668
53.0737858416905
  53.42027395846
53.7742984287791
54.1359938700312
54.5053779357453
54.8825782421605
55.2676278230813
55.6606481975567
56.0616868161125
56.4708600446999
56.8882287540829
 57.313905144099
57.7479624717247
 58.190509803446
 58.641631706176
   59.1014351946
59.5700150222273
 60.047477285422
60.5339257489444
61.0294667795145
61.5342119207243
62.0482690569239
 62.571756215829
63.1047841088181
63.6474758853687
64.1999464590688
64.7623226656189
65.3347250655693
 65.917282666431
66.5101231939638
67.1133762283424
67.7271782563249
68.3516577408222
 68.986961607108
69.6332154138963
70.2905782885344
70.9591709951905
71.6391667173294
72.3306794242129
73.0338983045278
73.7489284154758
74.4759769998325
75.2151379618299
75.9666387517905
76.7305597491643
77.5071508748293
78.2964764734163
79.0988113139939
79.9142010506244
80.7429477980303
81.5850757105919
 82.440916871297
83.3104709645658
 84.194102794846
85.0917844372145
86.0039163069092
86.9304395531103
87.8717932329737
88.8278840678822
89.7991929356105
90.7855884342271
91.7875965942824
92.8050439930521
93.8385053054654
94.8877609801635
95.9534379936093
97.0352663391662
98.1339291237489
99.2491013315413
100.381526206926
101.530818935302
102.697787090084
103.881981024141
105.084277022631
106.304155319616
107.542565492678
108.798912109436
 110.07422282787
111.367820720043
112.680816585911
114.012445583675
115.363908478983
116.734337867539
118.125030570376
119.535049804475
120.965731307855
122.416102705516
123.887526688051
125.378999328296
126.891906868752
128.425215460621
129.980332033458
131.556194376532
133.154227101136
134.773341322085
136.414976127332
138.078017795514
 139.76391647708
141.471535612986
143.202332787779
  144.9551507721
146.731450737508
148.530057129431
150.352430636573
152.197379911184
154.066360862759
155.958169078891
157.874251163623
159.813392574886
161.777025852012
163.763929475209
 165.77551692388
167.810563080443
169.870457130339
171.953973977854
174.062473038705
176.194733110972
 178.35207812001
180.533294895412
182.739665903056
184.969990422259
187.225503237508
189.505020792665
191.809723710748
194.138450629412
196.492321265148
198.870201812983
201.273144064096
203.700047491199
206.151888656399
208.627606412588
211.128094489632
213.652337634396
 216.20113882347
218.773535656392
221.370232094099
223.990326031444
226.634413780321
229.301661503154
 231.99254882103
234.706318719586
237.443324632182
 240.20289557041
 242.98524876941
245.789809192509
248.616647279835
251.465294686338
254.335663783622
257.227404582132
260.140259322333
263.074009091467
266.028213007348
269.002797175875
271.997123497576
 275.01127846031
278.044411331676
281.096786015564
284.167322136263
287.256480030659
290.362930728605
 293.48735239433
296.628146130783
299.786232205123
302.959717513351
306.149792233657
309.354241091998
312.574556371213
315.808168013712
319.056908120276
322.317813294938
325.593100223251
328.879365923075
332.179265600351
335.488900323251
338.811429905702
342.142389561553
345.485526271076
348.835720980939
352.197413315006
355.564715615471
358.942898535831
362.325154097408
365.717771471013
369.112814857783
 372.51785631543
375.923537991829
379.339107390421
382.753348835044
386.177810787788
389.598740265075
393.031092608159
396.457460482419
399.898528968491
403.331416152996
406.789414551256
410.244132622627
 413.79426567449
419.560645240014
423.998800830138
427.550998234057
431.048165980307
434.477336772873
437.909419076348
441.307235783555
444.710150848618
 448.08760166945
451.468289153885
454.826950286277
458.186652818091
461.525868368191
464.864087743919
468.182495307458
471.498075237909
 474.79406364429
478.085575353922
 481.35765490402
484.623360480078
487.869793402265
491.108167314706
494.327257129444
497.536774399807
500.726881650457
503.906045010672
507.065595924546
510.212952541991
513.340444155873
516.454596249067
519.548599511043
522.628211251453
525.687372852394
528.731174867206
531.754218200246
534.761010435883
537.746735907456
540.715389314187
543.662674140561
546.592131470129
549.499929045761
552.389204955799
555.256543853773
558.104724453565
 560.93070710371
563.736949039138
566.520750120932
569.284279272932
572.025143855145
 574.74525371055
577.442495166307
580.118544909369
582.771542633065
585.402954998576
588.011151949334
590.597410872733
593.160310967617
595.700959063327
598.218124442201
600.712760338039
603.183808520629
605.632084073295
 608.05668502765
610.458302441835
612.836175582076
615.190884453496
617.521795583286
619.829389883868
622.113148100653
624.373463122173
626.609917695747
628.822826966365
631.011864203893
633.177276390258
 635.31881649838
637.436672304254
639.530666257455
641.600935328185
643.647361751147
645.670039591706
 647.66890166196
649.644006574737
651.595328950496
653.522898997535
 655.42672477424
657.306814767208
659.163202464994
660.995880984735
662.804901567679
664.590248013909
666.351981940716
668.090083611121
 669.80461791558
671.495567112197
673.162992510566
674.806883670302
676.427291691637
678.024218536318
679.597698670388
681.147751370681
 682.67438822714
684.177650573439
685.657521044558
687.114067616636
688.547238034752
689.957131360812
691.343654640325
692.706942334672
694.046855087165
695.363566954526
696.656886564159
697.927031656968
699.173753301695
700.397316915354
701.597410518155
702.774351107521
703.927758199751
 705.05800419798
706.164634675172
707.248081194533
708.307809942979
709.344315334394
710.356978703856
711.346360949624
712.311753045513
713.253785956861
714.171654721466
715.066063908832
715.936106957948
716.782565538539
717.604425715775
718.402549718379
719.175810324634
719.925153746498
720.649333396446
721.349382861213
 722.02392991295
722.674098872535
723.298385368722
723.898007782484
724.471322832285
725.019646249608
 725.54118877259
726.037366732698
726.506237471029
726.949321120898
727.364513815323
727.753442633339
 728.11383424007
728.447425732242
728.780636678097