477.930861441858
477.931191268493
477.931448908607
477.931503826847
477.931414163704
477.931162184403
477.930752308163
477.930191349281
477.929471875866
477.928605450048
477.927582208328
477.926414040361
477.925090768999
477.923623649473
 477.92200266309
477.920238244208
477.918320632721
477.916259427015
   477.914045141
477.911686557478
477.909174459977
477.906516841255
477.903704744935
477.900745397868
477.897630092488
477.894365311256
477.890942583171
 477.88736766515
477.883632309754
477.879741564739
477.875687392527
477.871474145868
477.867093982664
477.862550572823
477.857836254642
477.852954025576
477.847896388522
477.842665677287
477.837254542815
477.831664662667
477.825888818464
477.819928037702
477.813775214421
477.807430731151
477.800887575111
477.794145488047
477.787197530029
477.780042805406
477.772674425566
477.765090860195
477.757285249118
477.749255429565
477.740994545411
477.732499803244
477.723764324934
477.714784687967
477.705553964306
477.696068103745
477.686320098375
477.676305271724
477.666016503787
477.655448493409
477.644593973775
477.633447020961
477.622000183895
477.610246918304
477.598179548423
477.585790912759
477.573073067165
477.560018236978
477.546618162425
 477.53286446089
477.518748505889
477.504261313495
477.489393835248
477.474136494276
 477.45847976036
477.442413474092
477.425927558827
477.409011285424
 477.39165396087
477.373844301877
477.355570923437
477.336822006906
477.317585393517
477.297848751732
477.277599060656
477.256823502501
477.235508098758
477.213639576761
477.191202897248
477.168184369384
477.144567781777
477.120339068124
477.095480724679
477.069978359066
477.043813045455
477.016970122275
 476.98942910166
476.961175118043
476.932185970607
476.902446664216
476.871933122424
476.840630305173
476.808512085094
476.775563473139
476.741756102205
476.707075142628
476.671489784275
476.634985478939
476.597528754653
476.559105481775
476.519679291117
476.479236625204
476.437737964493
476.395170495338
476.351491275749
476.306688427308
476.260715293236
476.213561143279
476.165175291914
476.115548393463
476.064625396636
  476.0123986023
475.958808231775
475.903848522205
475.847454579686
475.789622897501
475.730283050758
475.669434141421
   475.606999768
 475.54298202953
 475.47729806807
475.409953419971
475.340858186853
475.270022203325
475.197347985991
 475.12284816578
475.046420247379
474.968078101246
474.887714636813
474.805344823521
474.720856997439
474.634267197773
474.545459193972
474.454450068009
474.361119047174
 474.26548422187
474.167420324055
474.066946409216
473.963932785727
473.858399420627
473.750212297908
473.639392231204
473.525801009419
473.409460215032
473.290227604014
473.168125435645
473.043007630881
 472.91489701779
472.783643919045
472.649271605683
472.511627080786
472.370733912717
472.226436108931
472.078757367402
471.927539072627
 471.77280485992
471.614393915799
471.452329593337
471.286449362094
471.116776042966
 470.94314592954
470.765581026857
470.583917057575
 470.39817488969
 470.20819034836
 470.01398280163
469.815388923543
 469.61242617287
469.404932896744
469.192924183661
468.976240961092
468.754895428661
 468.52873209012
468.297759673358
468.061827349231
467.820939719209
 467.57495181379
467.323863372948
467.067536588706
466.805965514286
466.539020923113
466.266690254992
465.988854412503
465.705493181044
465.416499279409
465.121843668289
464.821432722438
464.515227260768
464.203149322249
463.885148099671
463.561163491862
463.231131389677
462.895011957568
462.552725888361
462.204256255664
461.849506403313
461.488485229275
461.121076280716
460.747317508738
460.367069868311
459.980403958307
459.587154935021
459.187430071406
458.781035028919
 458.36811829625
457.948451754788
457.522230273439
457.089186952136
456.649568966998
456.203064754126
455.749980670325
455.289953507373
454.823356868524
454.349767531641
453.869635938485
453.382468696719
452.888804667553
452.388067790223
451.880899570168
451.366625642996
450.846007978345
450.318253964317
449.784268873878
449.243115808721
448.695873412126
448.141425529587
447.581065045443
447.013447918845
446.440139051221
445.859495835824
445.273440991607
444.679924500168
444.081362781063
443.475116885157
442.864331927572
442.245439282386
441.622774710765
440.991057725861
440.356923753598
439.710525558439
439.063707963981
 437.69516153464
437.010766028791
436.327026390604
435.649889574532
434.964499878031
434.279649361685
433.586861816896
432.893061964165
432.191961536325
431.489253135804
430.779815413418
430.068527088403
429.351008354521
428.631567848253
427.906343995839
427.179174004724
426.446734855651
425.712346934184
424.973158845861
424.232080192047
423.486638513763
422.739408458754
421.988229461143
421.235397201813
420.479012867903
419.721135688903
418.960090040599
418.197731761113
417.432578048894
416.666307586524
415.897605999217
415.127996007608
414.356311718177
413.583937282485
412.809838727282
412.035276113638
411.259333446272
410.483158906649
409.705942591984
408.928731227945
408.150810755743
407.373135445163
406.595078151026
405.817508541772
405.039878527869
404.262980101978
403.486337252901
402.710670464194
401.935569554892
 401.16168904231
400.388678935978
 399.61713281427
398.846755748482
398.078084977261
397.310875936817
396.545613768381
395.782099943312
395.020771449121
394.261471776185
393.504593451395
392.750018237246
391.998097682249
391.248748306274
390.502283983868
389.758652678535
389.018133744998
388.280703451362
387.546609659477
386.815853955412
386.088655627278
385.365038725866
 384.64519679318
383.929173608637
383.217139718054
382.509155996559
381.805372677662
381.105865190446
 380.41076608388
379.720162879997
379.034173023328
378.352893739592
377.676429908572
 377.00488613428
376.338357237263
375.676952931451
375.020760454885
374.369892414049
373.724430917149
 373.08448929157
372.450146948461
371.821515805504
371.198674993377
370.581732926382
 369.97077085848
369.365891640152
368.767181042656
368.174734322183
 367.58864415443
367.008996197847
 366.43589241559
365.869406889315
365.309653251176
364.756692048986
364.210650966575
363.671575080705
363.139608513318
 362.61477895082
362.097249346126
361.587028092084
 361.08429937461
 360.58905040429
360.101489014104
359.621579356702
359.149555341238
358.685356198459
358.229244361032
357.781132284346
357.341313393568
356.909671524753
356.486533589837
356.071752970128
355.665692587827
355.268173541887
354.879597321733
354.499750923582
354.129076999091
353.767326628176
353.414986262784
353.071769259598
352.738208557394
352.413977989337
352.099659721983
351.794886271706
351.500291834694
351.215465824874
350.941097337911
350.676730908331
350.423113476961
350.179742932135
349.947427089961
349.725615438031
349.515179791841
349.315519498564
349.127573601709
348.950689586769
348.785877070265
 348.63242997754
348.479036148279