576.526319700138
576.527115437834
576.527737019162
576.527869514691
576.527653193752
576.527045269718
576.526056404982
576.524703040628
 576.52296724786
576.520876922989
576.518408271498
576.515589980448
576.512397499382
576.508857985288
576.504947270783
576.500690532943
576.496064229052
576.491091519854
576.485749524559
576.480059436779
576.473999027077
576.467587583588
576.460803505299
576.453664233144
576.446148767367
576.438272753673
576.430015764082
576.421391694614
576.412380657761
576.402994839475
576.393214859748
576.383051228725
576.372485039284
 576.36152515523
576.350153106046
576.338376134396
576.326176168377
576.313558850908
576.300506468892
576.287023083546
576.273091298818
576.258713609326
576.243872892173
576.228570087908
576.212788300558
576.196526926928
576.179769249133
576.162513128677
576.144741974046
 576.12645211834
576.107627041468
576.088261553781
576.068339148073
576.047853116681
576.026786902756
576.005132284743
575.982872589187
575.959998084492
575.936491908729
575.912342824181
575.887533703161
575.862051806194
575.835879656605
575.809003018363
 575.78140397605
575.753066803572
575.723973049871
 575.69410550705
575.663445083739
  575.6319731008
575.599669713407
575.566514784622
 575.53248759385
 575.49756656332
575.461729964389
575.424954799669
575.387218189424
575.348495742886
575.308763274544
575.267995032374
575.226165357848
 575.18324717664
575.139213176425
575.094035007387
575.047683508035
575.000129108868
574.951340588156
574.901287222741
574.849935502683
574.797253628763
574.743205556691
574.687758501815
574.630873619819
574.572517245884
 574.51264744901
574.451229805825
574.388218989474
574.323579957886
574.257263654994
574.189234580167
574.119439588851
574.047842904476
573.974386906929
 573.89903575121
573.821726924801
573.742424749247
573.661061370899
573.577601543088
573.491971588189
573.404136989848
573.314017727135
573.221580349069
573.126737933096
573.029458468707
572.929647531749
572.827274971089
572.722238216537
572.614509443091
572.503977242665
572.390616635313
572.274306632624
572.155025675462
572.032642398793
571.907139301825
571.778373789221
571.646333123159
571.510862563263
571.371954912027
 571.22944230433
571.083323939132
570.933417777566
 570.77973035751
570.622064337752
570.460434662223
570.294627311739
570.124667712886
569.950323890401
569.771628161656
569.588336799238
569.400485291091
569.207819187406
569.010376827157
568.807893122845
568.600409213592
568.387649425027
  568.1696576525
567.946147730596
567.717166251142
567.482416709706
567.241948315104
566.995454438292
 566.74298680317
566.484228938913
566.219234957332
565.947678903374
565.669617121192
 565.38471461035
565.093029759895
564.794219050976
564.488342694378
564.175049275027
563.854400562328
563.526037969747
563.190024517531
562.845995282622
562.494014178476
562.133710898466
561.765149836004
561.387956379994
561.002194928542
560.607487779701
 560.20389879192
559.791048529217
559.368999689073
558.937372610474
558.496228122907
558.045188010899
557.584310433459
557.113220462597
556.631972678011
556.140197462865
555.637944790183
555.124852570687
 554.60096501118
554.065929970903
553.519784583341
552.962189294637
552.393172692965
551.812410681327
551.219921646051
550.615400064335
549.998852257231
549.369994658708
548.728819428688
548.075068626217
547.408717892461
546.729538889374
546.037488086092
545.332371062788
 544.61412212829
543.882585467019
543.137669858152
542.379263187039
541.607244898554
540.821552134673
540.022030701623
 539.20867307189
538.381286531906
537.539925549695
536.684353340824
535.814693715688
534.930659484441
534.032451942099
533.119726235412
532.192770225302
531.251173039272
530.295319307608
529.324722464876
528.339875472312
527.340204798843
526.326324963718
525.297562233997
524.254667984921
523.196852601842
522.125022227424
521.038252598456
 519.93762588781
  518.8220604507
517.692840127117
 516.54869796355
515.391150926941
514.218711875256
513.033170290286
511.832774416866
510.619636719269
509.391682907139
 508.15141486371
506.896358068142
505.629494143949
504.347840403707
 503.05498592482
501.747283107366
500.429118204121
499.095937470609
497.753224897012
496.395118487532
495.028719913395
 493.64610433745
492.257013456891
490.849727766513
489.439083777351
488.003246971626
486.568589819556
483.540082049815
482.029103820416
480.521934656085
479.031645973622
477.525550856333
476.023009093243
474.505462654731
472.988126884151
471.457293185304
 469.92543836568
468.381442714482
466.835970091511
465.279547756596
463.721566090613
462.153704726612
460.584301693692
459.006224927403
 457.42666833478
 455.83953657847
454.251114346011
452.656137318715
451.060148998043
 449.45856718335
447.856318307125
446.249390833757
444.642188433967
443.031184442126
441.420333153342
439.806525160271
 438.19332367086
436.577982176643
434.963719932117
433.348108858029
431.734062980644
430.119435711881
428.506868126447
426.894464027001
425.284618793673
423.675660114341
422.069760973026
420.465450103733
 418.86469823548
417.266215270617
415.671787280499
414.080287876072
412.493334000639
 410.90994750791
409.331590048499
407.757417912021
406.188749893511
404.624864303192
403.066948356039
401.514391143623
399.968258605513
398.428040376108
396.894690608138
395.367790097335
393.848190008453
392.335553655366
390.830637427782
389.333179154067
387.843848161488
386.362449346126
 384.88957225606
383.425081895541
381.969494946393
380.522729989751
 379.08523743314
377.656983281338
376.238357979899
374.829369139082
373.430353309981
372.041354188311
370.662660282826
369.294346120897
367.936657830626
366.589695755787
365.253669136396
363.928699331787
362.614964035601
361.312601015208
360.021761624512
358.742595606146
357.475233059602
 356.21983142837
354.976504533613
353.745413389139
352.526660415372
351.320406196807
350.126746541904
348.945837725558
347.777773653034
346.622702518298
345.480720960361
344.351965420472
343.236539844204
342.134565339344
341.046157674053
339.971419125162
338.910481749811
337.863425572543
336.830403363265
335.811469542511
334.806801981164
333.816426207585
332.840549553391
331.879165424589
330.932514952103
330.000556242171
329.083568549914
328.181471552312
327.294586947704
326.422792897747
325.566457865347
324.725415449984
323.900085211407
323.090253175369
322.296394350817
 321.51824420994
320.756337593016
320.010356467239
319.280899926493
318.567593506953
317.871105029651
317.191000696493
316.528021592379
315.881671702185
315.252769987474
 314.64075535201
314.046529336789
313.469462917651
312.910545022886
312.369075870139
311.846136704389
311.340954171138
310.854706900902
310.386545170147
309.937750222931
309.507393188353
309.096863332761
308.705149880863
308.333755734659
307.981585482669
307.650261506873
307.338601058737
307.048352105056
 306.77824189781
306.508344247578