49.8861432446219
49.8692756405962
49.8560326926127
49.8530080359462
49.8572683277987
49.8697070329866
49.8900945614372
49.9180781701021
49.9540189023112
49.9973182852342
50.0484526369218
50.1068015541165
50.1728498753643
50.2460043062074
50.3267344865681
50.4144839972947
 50.509702285856
50.6118708092798
50.7214180651395
50.8378624851274
50.9616118304924
51.0922202414103
51.2300751906421
51.3747652350636
51.5266580740294
51.6853754336195
51.8512657836235
 52.023982825998
 52.203856364303
52.3905709340389
52.5844382529633
52.7851725930406
52.9930681831512
53.2078679738906
53.4298493187325
53.6587828225166
53.8949295937309
54.1380868949856
54.3885002378301
 54.645992568804
 54.910794469095
55.1827536129008
55.4620863372662
55.7486641004578
56.0426897025378
56.3440574501975
56.6529573360883
56.9693055830068
57.2932801298077
57.6248181818668
57.9640864036807
58.3110420440038
58.6658413001603
59.0284605149842
59.3990462556187
 59.777592995175
60.1642385396005
60.5589945095764
60.9619908531486
61.3732553325366
 61.792910977927
62.2210006592707
62.6576414682432
63.1028903164453
63.5568593783739
 64.019618504364
64.4912760178478
64.9719135635067
65.4616367275189
65.9605377583338
66.4687206694101
66.9862870713763
67.5133406233803
68.0499910007044
68.5963427837336
69.1525123538998
69.7186065488906
70.2947470316424
70.8810442972277
71.4776237940028
72.0846011421383
72.7021040024562
73.3302546592994
 73.969181330559
74.6190145790335
75.2798814361248
75.9519224365407
76.6352615876121
77.3300511726595
78.0364102373225
78.7545046776773
79.4844465338537
80.2264172705744
80.9805197661305
 81.746953105946
82.5258087311824
83.3173055007109
 84.121521017716
84.9386961725912
85.7688921974071
86.6123743822261
87.4691849157211
 88.339615970689
89.2236878739928
90.1217222841017
91.0337146944361
91.9600189769967
92.9006026597161
93.8558546860584
94.8257113187305
95.8105995659118
96.8104209502965
97.8256436786945
98.8561308765371
99.9023952292812
100.964257617921
102.042278638212
103.136232882125
104.246732444631
 105.37350137918
106.517207031871
107.677518455722
108.855162168711
110.049747541627
111.262064359851
112.491657402821
113.739383999699
115.004719194711
116.288592324314
117.590403311206
118.911158158082
120.250176020153
121.608544478538
 122.98549574006
124.382205503364
125.797805021157
 127.23356350232
128.688544520013
130.164054469091
131.659122250821
133.175079955638
134.710925745382
136.268014083997
137.845314091667
139.444199765501
141.063612830939
142.704943843753
144.367108907362
146.051511976063
147.757045449784
149.485123327561
151.234616378596
153.006945094731
154.800960849241
156.618086872695
158.457157547291
160.319594882432
162.204218852406
164.112446076334
166.043084890692
167.997542142814
169.974617497349
171.975703432964
173.999594113763
176.047662834604
178.118701645524
180.214059621296
182.332530310091
184.475433306177
186.641567505015
 188.83221753254
191.046191729722
193.284734035171
195.546666595799
197.833186708282
200.143134962525
 202.47765581759
204.835613235968
207.218092395566
209.623985871337
212.054312860102
214.508000119361
216.985993897767
219.487261058255
222.012667653479
224.561226953287
227.133717268667
229.729204986074
232.348372809891
234.990347395407
237.655707629403
240.343648070721
243.054635198169
245.787939638174
248.543906450511
251.321891077706
254.122107677675
256.944005907411
259.787659005336
262.652620969043
265.538813487304
268.445905845531
271.373656844425
274.321862937995
277.290107874072
280.278328225961
283.285919551507
286.312972730321
289.358680839957
292.423304694107
 295.50581922147
298.606672491502
301.724603955595
304.860268270634
308.012150067673
311.181132330969
314.365423063269
317.566158231527
320.781244360032
324.012098622203
327.256297423367
  330.5155717875
333.787134587918
337.073068890933
 340.37018454366
343.680961910605
347.001760464054
350.335512264413
353.678068755881
357.032880142044
360.395218418833
363.769134599655
367.149231023722
370.540264552226
373.936051363814
377.342190962727
380.751558933607
384.170780883675
387.591580615756
391.021864833224
394.451905506683
397.891261080947
401.328304282678
404.774816362116
408.216559994254
411.668492215372
415.112533550747
418.568606974112
422.012365036412
425.472808346701
428.913492234837
432.387508282291
435.831013569521
443.012252375316
446.551919846738
450.054930557372
453.492101555498
456.939461351334
460.352964188214
463.775053964333
467.171607436958
470.573532739523
473.953285328508
477.335609762768
480.697337233535
484.059287905731
487.401382872488
490.741694297094
494.062674005379
497.379650472475
500.677732195905
503.969892479709
507.243336968141
510.509170431185
513.756295200987
516.994298969266
520.213484726416
523.422185413217
526.611879577185
529.789846632786
532.948565407276
536.094419683732
 539.22074929335
542.333168682162
545.425766055671
548.503489218313
551.561082253327
 554.60291103459
557.624298513409
560.629099395615
563.613150592325
566.579855418009
569.525509423434
572.453115537984
575.359380323166
578.246950243052
581.112901479484
583.959562163146
586.784341817111
589.589283597476
592.372098315687
595.134573541195
597.874692844948
600.594014267902
603.290768572984
605.966307518273
608.619085997755
611.250270340782
613.858518647614
616.444830627087
619.008048492966
621.549022381548
624.066761108031
626.561980761721
629.033840618798
631.482936923947
633.908564470515
636.311212705658
  638.6902980454
 641.04621517346
643.378489158632
645.687431063483
647.972662458033
 650.23442113791
652.472413750238
654.686814479043
656.877404273544
659.044302739689
661.187354935047
663.306634366029
665.402040526984
667.473608806591
669.521283934767
671.545070718436
673.544950346518
675.520904179076
677.472941471489
 679.40102691021
681.305189772202
683.185384516829
685.041652712684
686.873944742883
688.682307022826
 690.46669174223
692.227142976344
693.963620361162
695.676158677485
697.364730426446
699.029354349263
700.670021030421
  702.2867266135
703.879484802178
705.448262750439
706.993102151346
708.513934923387
710.010835468729
711.483694351055
712.932623264875
714.357465407477
715.758374225341
717.135139626858
718.487961158321
719.816569587306
721.121214806944
722.401562644187
723.657917495375
724.889874480499
726.097796574199
727.281202437576
728.440517626017
729.575178584834
730.685677388024
731.771362483106
732.832796343223
733.869233590082
734.881310925865
735.868183250579
736.830565280597
737.767506207339
738.679802506969
739.566391560003
740.428155312867
741.263913091245
742.074635990523
742.859018867944
743.618125617377
744.350520013984
745.057362371516
745.737078536317
746.390928835352
747.017194070373
747.617238144909
748.189189391553
748.734518820209
749.251194517219
749.740798088846
750.201129196609
750.633883484716
751.036683555918
751.411342473226
751.785545515488