457.048571130506
457.048859676854
457.049082065642
 457.04912561156
457.049041946079
457.048814561567
457.048448079269
457.047948016082
457.047308064018
457.046538266289
457.045629922828
457.044593492898
457.043419903834
457.042119086755
457.040682070864
457.039118062008
457.037418298637
457.035591238356
457.033628348531
457.031537354127
457.029309949725
 457.02695314994
457.024458869254
457.021833433556
 457.01906896808
457.016171129396
457.013132243377
457.009957314283
457.006638857737
457.003181240385
456.999577155963
456.995830346049
 456.99193367006
456.987890255063
456.983693112884
456.979344764788
456.974838360826
456.970175823487
 456.96535042588
456.960363497185
456.955208417357
456.949885926316
 456.94438949352
456.938719272412
456.932868803381
456.926837655053
 456.92061941888
456.914213079337
456.907612257667
456.900815354028
456.893815996679
456.886612000607
456.879196976685
456.871568153353
456.863719097945
  456.8556464506
 456.84734370707
456.838806917233
456.830029475156
456.821006838459
 456.81173226719
456.802200624842
456.792405002676
456.782339668506
456.771997507382
456.761372190388
456.750456356049
456.739243078362
456.727724705845
456.715893715974
456.703742120322
456.691261801547
456.678444383565
456.665281157313
456.651763304224
456.637881528271
456.623626509088
456.608988370397
456.593957225833
 456.57852262787
456.562674054623
456.546400498965
456.529690728203
456.512533190297
  456.4949158602
456.476826659129
456.458252681349
456.439181343472
456.419598763411
456.399491879814
 456.37884573064
456.357646808311
456.335878958673
456.313528265403
 456.29057726084
456.267011663857
 456.24281256195
456.217965360374
456.192449559726
456.166250310943
 456.13934537415
456.111719714305
456.083349185112
456.054218643963
456.024301858891
455.993583669331
455.962035564118
455.929642466747
455.896373378029
455.862213421272
455.827128884015
455.791105220305
455.754105761587
455.716116440295
455.677097370141
455.637035128001
455.595886328066
455.553638377934
455.510244088963
455.465691907924
455.419930517007
455.372949634902
455.324693463703
455.275153253319
455.224268348568
455.172031818855
455.118377746528
455.063301340358
455.006730985134
454.948664383264
454.889023754911
454.827809688333
454.764937735067
454.700411817145
454.634140201384
454.566131031009
454.496284688125
454.424612055582
454.351008197307
454.275485153747
454.197933086445
454.118365046653
454.036666298973
453.952850878038
453.866799139336
453.778526077191
453.687907143958
 453.59495826317
453.499550013444
453.401699208436
453.301271608731
453.198284869227
453.092600017344
452.984235489266
452.873047696257
452.759055783359
452.642111697973
 452.52223520753
452.399273986436
452.273248322265
 452.14400184933
452.011555255381
451.875748413173
451.736602270804
451.593953267398
451.447822449314
451.298043203291
451.144636486935
450.987433073244
450.826453616162
450.661526775254
450.492672654674
450.319718366985
450.142683185485
449.961393312947
449.775866871672
449.585929867535
449.391598907945
449.192700595638
448.989249610256
448.781074031525
448.568186143543
 448.35041647545
448.127774386447
447.900093926191
447.667380930485
447.429474146301
447.186375209765
 446.93792885541
 446.68413175578
446.424836045356
446.160032570255
445.889582409317
445.613469607403
445.331565875497
445.043847355265
444.750198234223
444.450585504141
444.144907845646
443.833121688443
443.515142413601
443.190914286637
442.860371809516
442.523445262328
442.180090928698
441.830223027939
441.473822559782
441.110785310903
440.741120246624
 440.36470200077
439.981571120469
439.591577954072
439.194798678703
438.791055732168
438.380465484878
 437.96281824536
437.538275762766
437.106591274171
436.667977854587
436.222145835207
435.769366509795
435.309300353737
434.842284964735
434.367922596361
433.886626763296
 433.39793130207
432.902337250673
432.399297422933
431.889414639314
431.372044834998
 430.84791048306
430.316250281452
429.777929269435
 429.23204210793
428.679626573952
428.119596909666
427.553204619371
426.979132176055
426.398902607082
425.810890348724
425.216975155234
424.615101924778
424.007639502965
423.391888509485
422.770923807377
422.140950782246
421.506102465959
420.860153236601
420.208292216091
419.531596006508
418.420219150545
417.547998943045
 416.84370592709
416.143549054678
415.450364805288
414.749952358632
 414.04994794183
413.342289299733
412.633355904472
411.917153298499
411.199053844464
410.474152404635
409.747116508058
409.013730907536
408.278155742715
407.536658001402
406.793017907855
 406.04386121444
405.292627305166
 404.53635923962
403.778084684078
403.015230060419
402.250485290024
401.481593430757
 400.71096180034
 399.93659996862
399.160674742363
398.381423535132
397.600805507759
396.817255388415
396.032550857707
395.245299373558
394.457118328685
393.666767768899
392.875722228321
392.082877585949
391.289580052457
 390.49484721197
389.699909229466
 388.90389333348
388.107924138792
387.311228106131
386.514833373569
385.718056551575
384.921837230063
384.125574170472
 383.33012541393
382.534964765371
381.740874957231
380.947398469577
380.155248342111
379.364029979154
378.574391827893
377.785996985394
376.999433978447
376.214418804894
375.431484386467
 374.65039520388
 373.87163259077
373.095005412831
372.320947182225
 371.54930732682
370.780475093302
370.014336886421
369.251241065707
368.491107633451
367.734247290091
366.980610435399
366.230473211419
365.483813371999
 364.74087549328
364.001661777159
363.266388134229
362.535078429293
361.807922729129
361.084963883027
360.366368868446
359.652196935287
 358.94259466857
358.237635218912
357.537447426333
356.842115917119
356.151754391224
355.466456592449
354.786323649057
354.111456124166
353.441945111288
352.777895748529
  352.1193916046
351.466540196804
 350.81942005592
350.178138926471
349.542772768562
348.913427441615
348.290178785843
347.673128699189
347.062355339153
346.457954598467
345.860009378184
 345.26860755177
 344.68383918175
344.105782135291
343.534536048458
342.970166819693
342.412786067284
341.862445780954
341.319271969005
340.783300792907
340.254675060404
339.733413203824
339.219677244071
338.713466000443
338.214963127769
337.724145963934
337.241222228396
336.766145923386
336.299151276756
335.840167113755
335.389456630735
334.946921646459
334.512856805792
334.087135102365
333.670085133274
333.261549258421
332.861892558696
332.470924961059
 332.08905059405
331.716045161383
331.352354440232
330.997718129382
330.652626297991
330.316780866789
329.990718888374
329.674102741076
329.367519206698
329.070589366087
328.783952537144
328.507186758347
328.240986759203
327.984885802373
327.739636981213
327.504727062443
327.280970541383
327.067805984437
326.866112422714
326.675278536765
326.496251134147
326.328367347064
326.172645119294
326.028368400129
325.884118131291