2567005.53162978
2567001.25260391
2567058.90865698
2567089.78821437
2567118.80924934
2567151.75773639
2567168.59490311
2567195.94619034
 2567204.6243937
2567224.70048023
2567226.27515771
2567238.78982458
2567233.58742078
 2567238.5594478
2567226.70970912
2567224.20683871
2567205.77025239
2567195.84974018
2567170.84882799
2567153.54436539
2567121.97200474
2567097.29144001
2567059.11356977
2567027.03901869
2566982.19585724
2566942.68422812
 2566891.0909943
2566844.07447336
2566785.62185653
2566731.00825731
2566665.56270489
2566603.23566801
2566530.63951492
2566460.45856277
2566380.53001591
2566302.33046943
2566214.86345589
2566128.45622031
2566033.22010641
2565938.39133175
2565835.13051807
2565731.64113895
2565620.07453586
2565507.65969411
 2565387.4800809
2565265.84843368
2565136.72170369
 2565005.5546189
2564867.11891222
2564726.06955226
2564577.93427686
2564426.62657128
2564268.37131288
2564106.39881963
2563937.57214006
  2563764.496795
2563584.61491821
 2563399.9656716
 2563208.5110564
2563011.78239515
2562808.20219297
2562598.85254685
2562382.55694297
2562160.00697284
2561930.36740893
2561693.99817486
2561450.34545078
2561199.49645767
2560941.11871014
2560675.08582856
2560401.22638445
 2560119.2596441
2559829.11474596
2559530.41599954
2559223.13240099
2558906.85285607
2558581.52528509
2558246.76290188
2557902.43138992
2557548.22814312
2557183.87521846
 2556809.2142216
2556423.76196573
2556027.56445696
2555619.87142316
 2555200.9936119
2554769.85160587
2554327.08138041
2553871.21210351
2553403.26560037
2552921.31715672
2552426.83519362
2551917.37846349
2551394.92283847
2550856.44772131
2550304.49738225
2549735.40891402
2549152.35600357
2548550.97035457
2547935.11613753
2547299.65649833
 2546649.2071799
2545977.79954502
2545290.86199032
2544581.53085113
2543856.10821861
2543106.77217912
2542340.75948275
 2541549.2268146
2540740.40643208
 2539904.3705875
2539050.40773494
2538167.44283933
2537265.88103552
2536333.43738467
2535381.69393138
2534397.09352152
2533392.45502996
2532352.88715242
2531292.50514961
2530195.02208585
2529075.90873855
2527917.42159544
2526736.44559368
2525513.72032281
2524267.60296925
 2522977.2566192
2521662.56817492
2520301.06543113
2518914.22176429
2517477.87187903
2516015.13125713
2514500.08653677
2512957.54100356
 2511359.8252243
2509733.24052553
2508049.00941619
2506333.91292592
2504558.92445468
2502750.87797012
2500880.66831434
2498975.08659688
2497005.02363646
2494997.15987428
2492922.44886874
2490807.39520138
2488623.08137868
2486395.77159853
2484096.74348755
2481751.95695103
2479332.95085549
2476865.31761881
2474320.92335476
 2471724.9306268
2469049.59862425
2466319.59863442
2463507.64850112
2460637.86787843
2457683.49852087
2454668.04927707
2451565.35066977
2448398.24287434
2445141.20956238
2441816.36579021
 2438398.9122025
2434910.18382653
2431326.16146724
2427667.34685704
2423910.56343106
2420075.42810571
2416139.66861961
2412121.96738752
2408001.01725135
2403794.51835235
2399482.18848861
 2395080.6997333
2390570.85367866
2385968.25055802
2381254.83351981
2376445.08923323
 2371522.1590374
2366499.37636088
 2361361.1362006
2356119.58108827
2350760.41395309
2345294.55073488
2339709.05536984
2334013.58337674
2328196.61158887
2322266.50300481
2316213.19810229
2310043.73680857
2303749.57292494
2297336.39407041
2290797.21609459
2284136.34609234
2277348.40989357
2270436.30651382
2263396.31912181
2256229.91132115
2248935.07069443
2241511.79779482
2233959.83178648
2226277.68159305
2218466.88570312
2210524.43112906
2202453.70461694
2194250.13836686
2185919.01828653
2177454.18513593
 2168862.8778512
2160137.30404932
2151286.71378641
2142301.63310175
2133193.38710148
 2123950.7630205
2114587.23286191
2105089.77643923
2095474.09511776
2085725.27795242
2075861.35230581
 2065865.4140708
2055757.93214659
2045519.88200572
2035174.31494185
2024699.92600745
  2014122.523924
2003418.31956176
   1992616.10078
1981689.33089433
1970670.06338631
1959528.66748288
1948300.84052914
1936953.39159258
1925526.17350239
1913981.79070857
1902364.96332531
1890633.16748101
1878837.01479376
1866927.46392667
1854962.55319187
1842884.48902591
1830761.15234351
1818522.01872999
1806248.80820958
1793849.86775039
1781427.28130154
1768843.31396382
1756220.30627475
1743182.37163438
1722099.77753554
1705857.56597577
1692819.54158878
1679926.10825033
1667227.86062945
1654464.48891232
 1641776.1185059
1629017.45296541
1616304.79666915
1603531.68579425
1590795.26213699
1578009.57837786
1565258.26005489
1552468.39547379
1539713.78061181
1526930.64685081
1514185.33979247
1501420.91644276
1488697.08146266
1475964.55797505
1463275.33017354
1450587.05703036
1437945.39225832
1425313.66878442
1412732.24777763
 1400169.1860798
 1387660.3466853
1375177.77582107
1362753.46054246
1350362.85543715
1338034.56896353
1325746.99552452
1313525.76964674
1301351.84142463
1289248.20600193
1277198.04973101
1265222.00897024
1253305.23737143
1241466.25096868
 1229691.9417723
1217998.91060352
1206375.59107007
1194836.84717634
1183372.48357479
1171995.78420955
1160697.77581536
1149490.30132245
1138365.47855604
1127333.83384122
1116388.46020024
1105538.67954888
1094778.45700646
1084116.01199104
1073546.08954347
1063075.89975674
1052700.88481203
  1042427.331157
1032251.30346253
 1022178.2437288
1012204.77154373
1002335.55800096
992567.716227443
982905.214971314
 973345.60496852
963892.216761708
954542.987578498
945300.669938958
936163.540713878
927133.831014449
918210.114306561
909394.153663535
900684.779493267
892083.337236621
883588.877632498
875202.376166403
866923.070030854
858751.609909988
850687.388035235
842730.773099678
834881.283182625
827139.045611466
819503.677134402
811975.102295727
804553.011157381
797237.162149347
790027.294948043
782923.036742616
 775924.15463011
769030.177747233
 762240.87978792
755555.723443497
748974.469429129
742496.544115224
736121.676800022
729849.286269754
723679.053004667
717610.415647788
711642.989405871
705776.259013895
700009.758811356
694343.044742792
688775.555471628
683306.942239657
677936.533939637
672664.100255153
667488.846862524
 662410.68417558
657428.681797023
652542.912390327
647752.297159701
643057.091856412
638456.057441811
633949.653000645
629536.467838904
625217.184117867
620990.208462613
616856.465443311
612814.168323565
608864.503097641
605005.479293249
601238.563123282
597561.550275356
593976.205854029
590480.101839746
587075.320883399
 583759.20159835
580534.162925303
577397.300630773
574351.388890114
 571393.27129968
568526.096533762
565746.446831564
563057.865075945
560456.663082458
557946.798230785
555524.302954665
553193.570141164
550950.343986903
548799.474774248
546736.409708989
544766.479401343
542884.825421747
 541097.28287088
539398.679164048
537795.379485344
536281.888724216
534865.129396728
533539.275685188
532311.836590826
531176.647647199
530044.980520801