0.0975150142626912
0.0974820212932251
 0.097456690647378
0.0974520805271913
0.0974622143332704
0.0974889993781535
0.0975318869028927
0.0975902177798736
0.0976646932930103
0.0977541167151918
0.0978594504667116
0.0979794379002221
0.0981150688025138
0.0982651370520479
0.0984306050201787
0.0986103407113887
0.0988052667708783
0.0990143285131635
0.0992384066545251
0.0994765223147245
0.0997295145115671
0.0999964776869399
 0.100278210002107
  0.10057387662368
 0.100884235875762
  0.10120852112917
 0.101547451962975
  0.10190032754158
 0.102267829837819
  0.10264932150551
 0.103045448089868
 0.103455633525113
 0.103880488145557
 0.104319495039475
 0.104773230585106
 0.105241234968866
 0.105724051906765
 0.106221276686185
 0.106733421695278
 0.107260135372774
 0.107801900155923
 0.108358415722004
 0.108930135979415
 0.109516809957637
 0.110118864506323
 0.110736096137183
 0.111368906162641
 0.112017136713182
 0.112681165140655
 0.113360877327714
 0.114056628301502
 0.114768345817512
 0.115496364277695
 0.116240651408814
 0.117001522755537
 0.117778984082594
 0.118573333918746
 0.119384614092121
 0.120213108035808
 0.121058891615897
  0.12192223517459
 0.122803246529915
 0.123702185028549
 0.124619188283987
 0.125554506839622
 0.126508305867458
 0.127480829403372
 0.128472267850166
 0.129482861142443
 0.130512822484849
 0.131562390234694
 0.132631797857496
 0.133721284782583
 0.134831102072299
 0.135961493010552
 0.137112723457993
  0.13828504347718
 0.139478730782356
 0.140694045288897
  0.14193127346162
 0.143190688301932
 0.144472581751433
 0.145777243299092
 0.147104966905844
 0.148456062127738
 0.149830821290626
 0.151229577785143
 0.152652618436949
  0.15410030443715
 0.155572913021228
 0.157070837355784
 0.158594340756626
 0.160143852761167
 0.161719618181444
 0.163322107552821
 0.164951542329301
 0.166608438915104
  0.16829299026574
 0.170005763781286
 0.171746918475595
 0.173517078140462
 0.175316362085237
 0.177145456171309
 0.179004433903553
 0.180894049186451
 0.182814323265386
 0.184766084371086
 0.186749294661013
 0.188764863299426
 0.190812686135204
 0.192893760212486
 0.195007907439415
 0.197156220040836
 0.199338437920812
 0.201555756156083
 0.203807824131985
 0.206095947835113
 0.208419677145596
 0.210780437421534
 0.213177669558599
 0.215612927169231
 0.218085532171287
 0.220597175753635
 0.223147050327115
  0.22573699443707
 0.228366059900131
 0.231036242875526
 0.233746442917879
 0.236498824555424
 0.239292122808276
 0.242128681852809
 0.245007059247502
 0.247929790773848
  0.25089524225538
 0.253906157038077
 0.256960676548075
 0.260061766096291
 0.263207416644099
 0.266400688956361
 0.269639498921255
 0.272926976808115
 0.276260972622904
 0.279644679274787
 0.283075884730338
 0.286557838886481
 0.290088271371618
 0.293670483122427
 0.297302149432167
 0.300986615897578
 0.304721507834305
 0.308510208662491
 0.312350298454789
 0.316245191144372
 0.320192426693675
 0.324195441748675
 0.328251741714281
 0.332364777642944
 0.336532026377414
 0.340756944547705
 0.345036986896315
 0.349375606262424
 0.353770242241917
 0.358224333957722
 0.362735313331194
 0.367306595268126
 0.371935612034367
 0.376625743222574
 0.381374430039694
 0.386185005052803
 0.391054927617289
 0.395987470922305
 0.400980122325966
 0.406036082621045
 0.411152877709426
 0.416333622273235
 0.421575892030115
 0.426882701107396
 0.432251687090832
 0.437685748339458
 0.443182597195561
 0.448745000220885
 0.454370758302053
 0.460062489304675
 0.465818097419343
 0.471640033982514
 0.477526322303701
 0.483479228346491
 0.489496911506396
 0.495581432428398
 0.501731104826191
  0.50794776286902
 0.514229894218621
 0.520579084068702
 0.526994015212978
 0.533475999869128
 0.540023938886413
 0.546638845814594
 0.553319864442956
 0.560067682039244
 0.566881712443477
 0.573762286824812
 0.580709118730896
 0.587722150871655
 0.594801429093554
 0.601946472324381
 0.609157694708768
 0.616434152592614
  0.62377666840883
 0.631183793007862
 0.638656801813622
 0.646193692359838
 0.653796243378763
 0.661461845361084
 0.669192837417296
 0.676985942099329
 0.684844124169228
 0.692763368555606
 0.700747341020756
 0.708791208297875
 0.716899425021488
 0.725066245513506
  0.73329701692582
  0.74158496963479
 0.749936467117297
 0.758343581967938
 0.766813844004741
 0.775338005011284
 0.783924945889975
 0.792563895648799
 0.801265318067299
 0.810016664350884
 0.818830278384895
 0.827691504389484
 0.836614957492617
 0.845583439011054
 0.854614366497303
 0.863687403369548
  0.87282351997062
 0.881998399736583
 0.891237681508334
 0.900511823785798
 0.909852913440146
 0.919224246002689
 0.928667504985487
 0.938135642374777
 0.947686556477375
 0.957257688329772
 0.966942767259385
 0.976663759624329
 0.986701044491577
  1.00307141109238
  1.01582406841668
  1.02606334728933
  1.03619302012763
  1.04617496391948
  1.05621533252404
  1.06620562075272
   1.0762618019824
  1.08629395663556
  1.09638768294194
  1.10646797009347
  1.11660441768566
  1.12673247297534
  1.13691160658128
  1.14708481272207
  1.15730448530287
  1.16751928195119
  1.17777633533197
   1.1880293321799
  1.19831943273998
  1.20860623763139
  1.21892547748284
  1.22924157738798
  1.23958581106286
  1.24992661574445
  1.26029153669713
  1.27065240292625
  1.28103359118051
  1.29140983771477
  1.30180279093887
   1.3121897085791
  1.32258986340979
  1.33298272226095
  1.34338546959518
  1.35377952462938
  1.36418022100687
  1.37457071651799
  1.38496469285574
   1.3953468661329
  1.40572943458722
  1.41609851899411
   1.4264649784416
  1.43681620601141
   1.4471618464695
  1.45749045008147
  1.46781055628293
  1.47811177146146
  1.48840162572988
   1.4986706920926
  1.50892557662196
  1.51915773899444
  1.52937293760718
   1.5395634468169
  1.54973424625506
  1.55987835961421
  1.57000005040496
  1.58009303188996
  1.59016090881741
  1.60019802895169
  1.61020739116007
  1.62018392660626
  1.63013007735492
  1.64004131022178
  1.64991955630847
  1.65976077317783
  1.66956642404426
  1.67933291472256
  1.68906128125371
  1.69874833725234
   1.7083947302793
  1.71799764302772
  1.72755737154205
  1.73707143033671
  1.74653979942305
  1.75596028911481
  1.76533259760685
  1.77465479602864
   1.7839263338924
  1.79314550902805
  1.80231155447506
  1.81142296136942
  1.82047877770092
   1.8294776551101
  1.83841848729212
  1.84730005407168
  1.85612112503938
  1.86488057626695
  1.87357708295497
  1.88220958578239
  1.89077669487653
  1.89927738410508
  1.90771022750863
  1.91607420087928
   1.9243678708859
  1.93259018407464
  1.94073972823724
  1.94881538954366
  1.95681580522696
  1.96473976994216
   1.9725859985443
  1.98035316298168
   1.9880400838074
  1.99564527897766
  2.00316770274365
   2.0106056876523
  2.01795834960126
  2.02522380414396
  2.03240135674192
  2.03948887416983
  2.04648587935672
  2.05338995827984
  2.06020087923998
  2.06691591513319
  2.07353510754787
  2.08005538371886
  2.08647708645823
  2.09279676443221
  2.09901508963868
  2.10512819890879
   2.1111371214176
  2.11703754850362
  2.12283089454015
  2.12851237129084
  2.13408380637594
   2.1395398974426
  2.14488291342913
  2.15010700282834
  2.15521490398212
  2.16020018065573
  2.16506606868305
  2.16980551095118
  2.17442226886195
  2.17890862765134
  2.18326890233349
  2.18749468304833
  2.19159086641064
  2.19554830929389
  2.19937251781675
  2.20305357663127
  2.20659762914186
   2.2099939479738
  2.21324934143503
  2.21635222939659
  2.21931011247235
  2.22211051604725
  2.22476166016575
  2.22725013290011
  2.22958490050063
  2.23175156970275
  2.23375987929966
   2.2357686100045