994342.759916113
994342.822551321
994366.476247663
994378.677895303
994389.391235713
994400.757801059
994405.043351094
 994412.59467416
994412.067924785
994415.171827327
994410.272378306
994408.836875611
994399.710395347
994393.756588968
994380.464654297
994370.026387629
994352.596975249
994337.697766412
994316.137857374
994296.786018702
994271.085110367
994247.273064986
 994217.40442495
994189.108917217
994155.030207779
994122.212634786
994083.866301783
994046.472990937
994003.786517182
993961.748915056
993914.634968071
993867.869737777
993816.226223904
993764.635254921
993708.345286868
993651.815622016
 993590.74740501
993529.151088749
993463.157729371
993396.351580947
993325.270821878
993253.096136107
993176.750019379
993099.032197271
993017.226657998
992933.774768884
992846.299160956
992756.905437314
 992663.53199208
992567.971257828
992468.454476412
992366.483509122
992260.559488684
992151.916315792
992039.302009755
991923.705138664
991804.097550663
991681.245132345
  991554.3204435
991423.889369062
991289.301997961
991150.946927474
 991008.32852215
990861.680844965
990710.639206068
990555.305931736
 990395.42386606
990230.986444981
990061.820548461
989887.833621396
989708.912990785
989524.903066411
989335.727938882
989141.191998686
988941.232318747
988735.636348711
988524.330262025
988307.107710746
988083.859984632
987854.410147822
987618.590518577
 987376.27685017
987127.218297643
986871.366648172
986608.363598533
986338.260381888
986060.566839956
985775.457130195
985482.284743369
985181.370303883
984871.886360331
984554.323608402
984227.648972991
  983892.5468836
983547.753875901
983194.171829594
982830.282049306
982457.227629966
982073.209736212
981679.636485754
981274.403937932
980859.209076265
980431.617845497
979993.639965486
979542.486227224
979080.502976002
978604.520795985
978117.246555666
977615.105583208
977101.189165904
976571.492350456
976029.514724537
975470.796073498
974899.268140202
974309.990538254
973707.350980033
973085.904092604
972450.517317077
971795.215603077
971125.369809043
970434.450670636
 969728.35606529
968999.978165253
968255.765364566
967488.007144602
966703.725791729
965894.584228064
965068.201867448
964215.591503659
963344.992748225
962446.745064041
961529.731017347
 960583.59458985
  959617.8804775
958621.532513495
957604.689282306
 956555.84036398
955485.320207408
954381.508550949
953254.763497542
952093.423748601
950907.833742295
 949686.32090889
 948439.19017138
947154.784400876
945843.344274679
944493.254719422
943114.667759019
941696.037114724
940247.402050654
938757.311949212
937235.669549313
935671.146873079
934073.486754797
932431.510928273
930754.779375263
929032.290685869
 927273.39951822
925467.308513035
923623.145054934
921730.343054234
919797.781236147
917815.151997013
915791.064621117
913715.497175406
911596.769363244
909425.172043629
907208.715873517
904938.031529146
902620.801857832
900248.024247317
897827.035695787
895349.227029872
892821.572096931
890235.881686274
 887598.74993587
 884902.43388097
882153.132130129
879343.573970855
876479.547384839
873554.279606264
870573.133586345
867529.859856111
 864429.38258344
861266.000573802
858044.186050642
854758.810676243
851413.882083573
848004.868964074
 844535.30213292
841001.271068524
 837405.81784158
833745.676069596
830023.387310422
826236.352292975
822386.600282778
818472.221760056
814494.721707353
810452.902738006
806347.733114732
802178.749815726
797946.371225333
793650.890918266
789292.163197104
 784871.26066711
780387.457920647
775842.629498028
771235.452778011
 766568.62796179
761840.215299586
757053.765656488
752206.699181019
747303.444272833
742340.754158189
737323.964274618
732249.129281084
727122.524783426
721939.469174231
716707.216286004
711420.302916498
706087.005828279
700701.025208162
 695271.71439112
689791.869502323
 684271.98614092
678703.872733262
673099.249178263
667448.831123162
661765.667203186
656039.246185034
650284.081038375
644488.259240506
638667.937902848
632809.571033775
626931.204010803
621017.339130779
  615088.2507245
609126.036535439
603153.691243277
 597150.23093629
591142.108491907
585104.173834694
579067.500590337
573000.847789805
566941.834408783
560849.074435896
554769.875652796
548640.674809463
542518.416461848
 536224.79310111
526080.320890961
518288.772353668
512069.426045099
505949.844879476
499952.826914266
493955.000150598
488022.169523101
482086.406142315
476201.896293651
470319.437749923
464483.845042904
458655.812783267
452873.507488759
447103.912794478
441380.327384467
435674.145636335
430014.949295019
424377.424483538
418787.865689665
413224.550432514
407710.074655811
402225.920155019
396791.659151895
391391.369952451
386042.106171697
380730.085875338
375470.231842918
370250.549646467
365084.136026904
359960.506380448
354891.175941158
349866.946999375
344897.953018837
 339976.10143514
335110.309701203
330293.440270365
325533.334105847
320823.683271113
316171.371168361
311570.813693066
307028.039213458
 302538.09748182
298106.251116263
293728.106627856
289408.239338001
 285142.74602443
280935.584200502
276783.283236754
272689.244821156
 268650.38063687
264669.592175377
260744.129397817
256876.443793333
253064.084877066
249309.099634979
245609.302954628
 241966.37872386
238378.376926749
234846.656156531
231369.474591935
227947.900140916
224580.375202049
 221267.70875331
218008.505987257
214803.346139905
 211650.97799925
208551.777924164
205504.621051943
202509.705615852
199566.017572663
196673.599850656
193831.535209052
191039.732320889
188297.358067484
185604.206287378
182959.516487372
180362.985590254
177813.915282258
 175311.92210186
172856.360402861
 170446.78158808
168082.583999293
165763.267965456
163488.267879448
161257.045960021
159069.065378141
156923.762190368
154820.621666966
152759.064711839
150738.592548292
148758.621071127
146818.661788228
144918.134931232
143056.557053167
141233.361335534
139448.064522569
137700.120687161
135989.042257338
134314.311525849
132675.432408583
131071.922189292
129503.272355755
127969.041449847
126468.704866722
  125001.8682205
123567.987374809
122166.720426199
120797.500470051
119460.043138789
118153.755703591
116878.416075063
115633.402805521
114418.560559129
113233.236418098
112077.346051557
110950.202447486
 109851.79634948
108781.404139326
 107739.09556393
106724.107985445
105736.593983122
104775.749572124
103841.813933877
 102933.93948401
102052.455757501
101196.469382639
100366.404022068
99561.3183847327
98781.7340998509
98026.6598731128
97296.7192472976
96590.8688826194
95909.8383356058
95252.5302155353
94619.7843933911
94010.4474553648
93425.4741384765
92863.6530655778
92326.0586962114
  91811.41978199
91320.9357247655
90853.2735325859
90409.7631969605
89989.0081517609
89592.4751235275
89218.7021926313
88869.2995430423
88542.7381881014
88240.7791571221
87961.8247678832
87683.9273669131