6.60860476164593
6.60859683358026
6.60874760936021
6.60882744448892
6.60890106695609
6.60898318732398
6.60902226875154
6.60908691859514
6.60910192563068
6.60914481825654
6.60913852547246
6.60915895949164
6.60913224351234
6.60913029359311
6.60908351022482
6.60905936575811
6.60899268014229
6.60894649208927
6.60885996012612
6.60879180765198
6.60868539791073
6.60859528283476
6.60846888384465
6.60835673117557
6.60821015478167
6.60807581424207
6.60790879759865
6.60775204497445
6.60756425182208
6.60738478989761
6.60717581130973
 6.6069732703615
6.60674262503157
6.60651656289931
6.60626369700873
6.60601359876873
6.60573788546403
6.60546316272715
6.60516390122814
 6.6048638910809
6.60454030543683
6.60421426903949
6.60386550654577
 6.6035126273977
6.60313775668198
6.60275713856105
6.60235514734407
6.60194581192346
6.60151560445751
6.60107648860119
6.60061688278598
6.60014683552154
6.59965655969596
6.59915433886166
6.59863202826764
6.59809629682947
6.59754048974339
6.59696981177646
6.59637894530233
6.59577178163064
6.59514418714887
6.59449889063645
6.59383278890162
6.59314759938867
6.59244109526982
6.59171413414668
6.59096521100335
6.59019447541595
6.58940098910406
6.58858434578465
 6.5877440182863
6.58687919700382
6.58598960967596
6.58507419630105
6.58413278273855
6.58316421191908
6.58216825042887
6.58114379787282
6.58009040355635
6.57900717791984
6.57789329436286
6.57674822874291
6.57557061931264
6.57436046234489
6.57311570109635
6.57183700766082
6.57052146985615
6.56917059139547
6.56778044364232
6.56635351809943
 6.5648847081169
6.56337764950237
 6.5618258955263
6.56023438312821
6.55859516297095
6.55691463022421
6.55518317000784
6.55340879304424
6.55158005563111
6.54970674153577
6.54777541468485
6.54579778949057
6.54375827377419
6.54167067023088
6.53951706675254
6.53731351191591
6.53503960987711
6.53271381256814
6.53031307673965
 6.5278584149342
  6.525323973096
6.52273348131324
6.52005811173631
6.51732446850395
6.51450058755696
 6.5116161030416
6.50863575301677
6.50559235691896
6.50244719418198
6.49923642400726
6.49591770758876
6.49253069741822
6.48902927817695
6.48545674807415
6.48176305857484
6.47799530477945
6.47409935004302
6.47012623611423
6.46601758541598
6.46182853448156
6.45749631449563
6.45308030223963
6.44851319454331
6.44385872882104
6.43904504403515
 6.4341397594721
6.42906811500458
6.42389898353188
6.41855693884576
6.41311099597608
6.40748550679429
6.40174938144883
6.39582694343641
6.38978682422486
6.38355349239368
6.37719513386851
6.37063653455904
6.36394526982429
6.35704661531486
6.35000737249885
6.34275347931758
6.33535080198161
6.32772611327208
6.31994418502765
6.31193279725906
6.30375547087338
 6.2953411651728
6.28675199643333
6.27791827480368
6.26890056139502
6.25963068806346
6.25016751368855
6.24044456180501
6.23051884575412
6.22032574962858
6.20992030196514
6.19923991499462
6.18833749748543
6.17715265587703
6.16573604874629
6.15402964109057
6.14208171562102
6.12983675831152
6.11734055525374
6.10454027368175
6.09147908736208
6.07810700274296
6.06446447068418
6.05050449229173
6.03626469007727
6.02170121257702
6.00684875360062
5.99166675908186
5.97618689873107
5.96037206294254
5.94425080666725
5.92778960886323
5.91101382348034
5.89389365918446
 5.8764511866698
5.85866048256452
5.84054025548321
5.82206858553558
5.80326074316506
5.78409894500652
5.76459494911481
 5.7447352396056
5.72452798876192
5.70396407759283
5.68304801881144
5.66177521892829
5.64014645538159
5.61816178896326
 5.5958181824474
5.57312048113008
5.55006174792822
5.52665174594634
5.50287954471155
5.47875996362286
5.45427797389426
5.42945359757299
5.40426758754422
5.37874532616237
5.35286320833695
5.32665215010792
5.30008402349495
5.27319547302361
  5.245953650539
5.21840115270047
5.19050017242114
5.16229952076728
 5.1337561396057
5.10492536834956
5.07575853650926
5.04631789512649
5.01654870925221
4.98652061858402
4.95617225061254
4.92558123890161
 4.8946788358123
4.86355145200816
4.83212199803717
4.80048669719987
4.76855882252845
4.73644581235112
4.70404951575643
4.67149053913959
 4.6386567532689
4.60568474504225
4.57244457269576
4.53909302157393
4.50547617800507
 4.4717776661172
4.43780864582309
4.40379056749746
4.36947655836808
 4.3351438359631
4.30041886325098
4.26563432972962
4.22976185229952
4.17181561581716
4.12721755014621
4.09148274431357
4.05620137441399
4.02150963224124
3.98669554270095
3.95214123888389
3.91745105129283
3.88294134948577
3.84832327321577
3.81386024248934
3.77931983326287
3.74492804786584
3.71048832185195
3.67619938445097
 3.6418898222325
3.60773764189323
3.57359020420651
3.53960709269477
3.50565655803303
3.47187699415646
3.43815546817257
3.40461301597361
3.37115205168129
3.33787911649622
3.30470936105575
3.27173702549756
 3.2388879802953
3.20624588476325
3.17374573576036
3.14146198842916
3.10933748288342
3.07743859164668
3.04571494803118
3.01422577033434
2.98292661372997
2.95187032187876
2.92101764001427
2.89041570034765
2.86002981705377
2.82990198176086
2.80000154550554
 2.7703658560509
2.74096784174452
2.71184064294971
2.68296036551872
2.65435632938125
2.62600746779853
2.59793962614221
2.57013425672397
2.54261404177992
2.51536267964312
2.48839997166786
2.46171161930617
2.43531480035553
 2.4091970023461
2.38337301534232
2.35783191824654
2.33258633050269
2.30762674707456
 2.2829638174736
2.25858929434087
2.23451204340654
 2.2107249314442
2.18723521358594
2.16403674025693
2.14113531752058
2.11852566051699
 2.0962122772255
2.07419063880167
2.05246409652505
2.03102877797421
2.00988701032401
1.98903548610898
1.96847563290878
1.94820462401607
1.92822310445563
1.90852865059974
1.88912123503525
1.86999876539541
1.85116064551123
1.83260504773627
1.81433090483476
1.79633659210257
 1.7786206633371
1.76118163930309
1.74401778171499
1.72712770322915
1.71050945549252
1.69416169300647
1.67808233482454
1.66227003044911
1.64672263958319
1.63143876279304
1.61641626973888
1.60165367075359
1.58714891111177
1.57290037201325
1.55890613662905
1.54516442030337
1.53167350327774
1.51843140029424
1.50543664499248
1.49268701855789
1.48018136176507
1.46791719091091
1.45589370530369
1.44410812648723
1.43256006161312
1.42124640893088
1.41016723090356
1.39931907513596
1.38870250527599
1.37831369200092
1.36815374466867
1.35821843170007
1.34850945158844
1.33902214601758
1.32975884519219
1.32071444032933
 1.3118919353263
1.30328574786486
1.29489959718086
1.28672740493114
1.27877364726765
 1.2710317278372
1.26350692149244
1.25619209232283
1.24909335616019
 1.2422030163689
1.23552807283185
1.22906024735099
1.22280746804272
1.21676085460083
1.21092930900363
1.20530332855419
1.19989283652696
1.19468768780137
1.18969887657594
1.18491559552249
1.18034996200463
1.17599048697108
1.17185046626679
1.16791770991046
1.16420675112374
  1.160704680161
1.15742733065852
1.15436105474452
1.15152305427693
1.14889892549949
1.14628332905609