524.167520505703
524.168182346398
524.168692441336
524.168792322985
524.168600418756
524.168078865133
524.167238262385
524.166091265396
 524.16462340655
 524.16285772326
524.160774261769
524.158397014233
524.155705172862
524.152721518823
524.149425478591
524.145838170185
524.141939500662
524.137748872206
524.133246717604
524.128450759012
524.123341951072
 524.11793638706
524.112215526751
524.106193884182
524.099853403309
524.093207063507
524.086237269767
524.078955505872
524.071344612943
524.063414612956
524.055148756531
524.046555632703
524.037618873159
524.028345658307
 524.01871997054
524.008747601738
523.998412852563
523.987720142606
523.976654056132
523.965217653125
523.953395764384
 523.94119009975
523.928585696906
523.915582922119
523.902166977526
523.888336889821
523.874077980202
523.859387937549
523.844252153529
523.828666979086
523.812617824332
523.796099700603
523.779097980745
523.761606333632
523.743610035148
523.725101408034
523.706065567201
523.686493485155
 523.66637004715
523.645684871294
523.624422539434
523.602571311467
523.580115386543
523.557041663309
523.533333872907
523.508977550889
523.483955868504
523.458252998038
523.431851451775
523.404734040721
523.376882511284
523.348278317875
 523.31890232555
523.288734640078
523.257755120356
 523.22594253536
523.193275602848
523.159731771435
523.125288471692
523.089921853654
523.053607902616
523.016321497984
522.978037008638
522.938728078412
522.898367274459
522.856927048213
522.814377964459
522.770691334651
522.725835503985
522.679780706836
522.632492833686
522.583941116581
522.534088736845
522.482904012308
522.430347139871
522.376385626272
522.320976386312
522.264086235585
522.205668485002
522.145689397778
522.084098333238
522.020861161957
521.955922916157
521.889249256871
 521.82078048384
521.750482257586
521.678289707977
521.604168732795
521.528048820352
521.449896375238
521.369634735796
 521.28723111806
521.202602162694
521.115716240473
 521.02648270465
520.934871466543
520.840783957356
520.744192061434
520.644988605331
520.543147930051
520.438553523716
520.331182723588
520.220908890962
520.107712960109
519.991457318884
519.872127165985
519.749573007194
519.623785045656
519.494600930369
 519.36201668794
519.225856065287
  519.0861218185
518.942622665533
518.795369125466
518.644153507624
518.488996130504
518.329671555003
518.166206531794
517.998363759647
517.826172828326
517.649385554211
517.468034050181
517.281859296212
517.090895886391
516.894873972812
516.693830599254
516.487485142701
516.275877051581
516.058715036875
515.836040889138
515.607552825438
515.373294895869
515.132955065189
514.886579537623
514.633846343526
514.374803709992
514.109120134308
513.836845705892
513.557639881128
513.271554418159
512.978240323172
512.677750792132
512.369729078258
512.054229542413
511.730888496871
511.399761147187
511.060477800035
510.713094132293
510.357235512516
509.992957655808
509.619882201325
509.238064402243
508.847123527651
508.447113793383
508.037653618152
507.618795520587
507.190158759164
506.751793400705
506.303321414605
505.844789554959
505.375824565348
504.896468906891
504.406356364535
503.905523992144
503.393615099784
502.870660069126
502.336314449439
 501.79060051574
501.233189016094
500.664092493364
500.083000116475
499.489912855011
498.884541802581
498.266874270449
497.636647084708
496.993831536679
 496.33819432271
495.669688037992
494.988113747662
494.293402315622
 493.58539407201
492.863994702992
492.129089142376
491.380553978743
490.618324585512
  489.8422439861
489.052304394484
488.248310163807
487.430317398983
486.598085930707
485.751743560783
484.890998863115
484.016060032521
483.126576601096
482.222846915187
481.304452416508
480.371792646409
479.424370371439
478.462698947194
477.486189989579
476.495485248089
475.489890353245
474.470192504447
473.435573521981
472.386986290705
471.323467138697
470.246159027584
469.153926034311
468.048131128656
466.927432537615
465.793450722373
464.644594992048
463.482791342985
462.306143558735
461.116946426997
459.912921462439
458.696818191573
457.465867666859
456.223395373043
454.965981359371
453.697705833662
452.414242272978
451.120703416972
449.811404722792
448.492946890398
447.157339654264
445.813411160826
444.448058813403
443.072333438794
441.646450335822
439.309627487444
437.480005770293
436.005424357074
434.541970248213
433.095513726207
431.636423508486
430.180643114335
428.711444018398
427.242118326684
425.760287733203
424.277117006236
 422.78252214916
421.286175289301
419.779447350879
 418.27093232244
416.753019550262
415.233492434992
413.705499101079
412.176097337063
410.639307515534
409.101322096018
407.556958807009
406.011700379938
404.461021182341
402.909810261872
401.354092824264
399.798252881676
398.238784779161
396.679636771306
395.117707779999
393.556565519737
391.993461453875
 390.43162753762
388.868625115322
387.307387267229
385.745749716448
384.186377478773
382.627350715603
381.071092449612
379.515901727883
377.963981907095
376.413828876197
374.867445662259
373.323505792086
371.783828887338
370.247249232026
368.715418004156
 367.18731528372
 365.66443715777
364.145896140916
362.633045253245
 361.12511742692
359.623333534627
358.127036046997
356.637323685197
355.153638549185
353.676966427425
352.206839972009
 350.74414060009
349.288483156513
347.840652689151
346.400338498975
344.968236788031
343.544104119865
342.128554962381
340.721406424039
339.323197993962
  337.9338010268
336.553686478116
 335.18277402043
333.821472249423
332.469743556016
331.127940110527
329.796061715887
328.474409839671
327.163016652628
325.862138453362
324.571834971626
323.292322701598
322.023684335205
320.766101774269
319.519676267621
318.284560198774
317.060869141741
315.848730910305
314.648271329634
313.459598477926
312.282844501076
311.118102471219
309.965507055635
 308.82514095411
307.697137675834
306.581574094246
 305.47857899076
304.388227878265
 303.31064134141
302.245897925201
301.194106640976
300.155353392234
299.129732325362
298.117340969053
297.118255391137
296.132588959115
295.160396520331
294.201811448206
293.256864293493
292.325712562832
291.408359494679
290.504990823224
289.615579514245
 288.74034359793
287.879222857637
287.032471669479
286.199993770876
 285.38208392296
284.578606995818
283.789902172015
  283.0157926712
282.256666139637
281.512301398182
280.783138614022
280.068909492346
279.370110803109
278.686424447441
 278.01840791487
277.365690639903
 276.72889499446
276.107595307352
275.502483053596
274.913074838784
274.340135532396
273.783121419305
273.242875139333
 272.71879007818
272.211791121341
271.721206195445
271.248047022723
270.791573529764
270.352889000124
269.931182839274
269.527654769532
269.141421176221
268.773783272223
 268.42378194896
268.092825159378
267.779875856995
267.486454208228
267.211442821034
266.956479801552
266.720365048875
266.484398018818