44.5690979325339
44.5540466710634
44.5424910015394
44.5403881939801
44.5450116869647
44.5572315985784
44.5767975472099
44.6034087827337
44.6373851624683
44.6781806459571
  44.72623418246
44.7809723657696
44.8428465896008
44.9113064706184
44.9867908550703
45.0687831505272
45.1577040392703
45.2530721730825
45.3552890648446
45.4639079241407
45.5793111988426
45.7010855229881
45.8295946625904
45.9644574900744
46.1060195534969
46.2539308121218
46.4085190929333
46.5694643400891
46.7370771774567
46.9110664801852
47.0917262049163
47.2787931467856
 47.472545148228
47.6727459505634
47.8796578521496
48.0930705983096
48.3132315309458
48.5399554834811
 48.773475447136
49.0136304487002
49.2606397535369
49.5143657033263
49.7750144825599
50.0424708808426
50.3169286682452
50.5982942222289
50.8867495878371
 51.182221872704
51.4848821108285
51.7946772802804
52.1117681443881
 52.436120685477
52.7678861649201
53.1070486923122
53.4537508262175
53.8079939113484
54.1699126352703
 54.539524666119
54.9169576872985
55.3022447547219
55.6955074519921
56.0967932587404
56.5062186032769
56.9238443919497
57.3497828851884
57.7841073815013
58.2269270066376
58.6783263744453
 59.138412557991
59.6072803625623
60.0850359424788
60.5717831185477
61.0676283154817
61.5726831365969
62.0870555247435
62.6108635704295
63.1442180445171
63.6872421617186
64.2400508965681
64.8027711517989
 65.375523550852
 65.958437169409
66.5516397985443
67.1552610870618
67.7694375899383
68.3942978384761
69.0299888295444
69.6766361892987
70.3343991205237
 71.003398453151
71.6838074503778
72.3757401448093
73.0793858095957
73.7948495621083
74.5223387347337
75.2619472879346
76.0139027671829
76.7782856034491
77.5553458186569
78.3451478034715
79.1479664342254
79.9638474047532
 80.793092943535
81.6357272376896
82.4920824906793
83.3621584118667
84.2463199330519
85.1445391457131
86.0572165994079
86.9842934504525
87.9262088972991
88.8828696585099
 89.854756760046
90.8417387865475
 91.844341923448
92.8623927233868
93.8964660225613
94.9463422332305
96.0126484990613
 97.095114764826
98.1944243099798
99.3102520575364
100.443341428983
101.593307535703
 102.76095813182
103.945843483209
105.148840058162
106.369427990776
 107.60855704279
108.865631669061
110.141679711087
111.436024115721
112.749775863937
114.082169976484
115.434407396844
116.805620565569
118.197106480196
119.607928198647
 121.03942161178
122.490614189066
123.962868749778
125.455181213711
 126.96893792617
 128.50310488816
130.059089103693
131.635828215293
133.234746877769
134.854756063235
136.497294869621
138.161249437431
139.848069890982
141.556619538101
143.288355898585
145.042121615287
146.819377753956
148.618948637801
150.442294806329
152.288224795227
154.158194319218
156.050998854923
157.968084764028
159.908237398842
161.872889006956
163.860817967869
165.873437418321
167.909522144268
169.970460936333
 172.05502860567
174.164584120142
176.297906186827
178.456318229718
180.638606988022
182.846054372743
185.077459571554
187.334056761091
189.614662290044
191.920456121734
194.250276792406
196.605243308824
198.984221755159
201.388263165406
203.816266888219
206.269208684483
208.746027265459
 211.24761552012
213.772958031064
 216.32285689973
 218.89634953292
221.494138988746
224.115322934155
226.760496758408
229.428826353179
232.120790406418
234.835631581392
237.573702378715
240.334331425954
243.117735038567
245.923337722744
248.751209026644
251.600880061879
254.472262352659
257.365005264933
260.278850255709
263.213577649436
266.168745866603
 269.14428011236
272.139541701461
275.154616060438
278.188652011798
 281.24191221142
284.313316012619
287.403322287315
290.510602007004
 293.63583161874
296.777412424223
299.936262679931
303.110489789425
306.301281578021
309.506423648542
312.727405530899
315.961658485056
319.211011389461
322.472502691496
325.748345300994
329.035138707663
332.335533685443
335.645634528659
338.968595835136
342.299956956014
345.643458710056
348.993987292036
352.355975011505
355.723540830416
359.101946662595
362.484392872377
365.877158098035
369.272317100033
372.677429099905
376.083149748882
379.498710675396
382.912913801721
386.337287576944
389.758102721493
393.190288733197
396.616472183412
400.057303994911
403.489957263456
406.947681199807
410.402210501087
 413.95226397684
 419.70535965292
424.155307045567
427.708048200038
431.205040901599
434.633770410508
438.065258844802
441.462381767951
444.864517117262
448.241120825278
451.620893268981
454.978582411639
458.337251920793
461.675381877637
465.012457919891
468.329671818645
471.644002230363
474.938692170536
478.228850845188
481.499529354792
484.763780526717
488.008711768031
491.245531734253
494.463021042989
497.670886619675
500.859296374803
504.036712155879
507.194470515046
510.339985650814
513.465591716037
516.577810557342
519.669837497813
522.747426511837
 525.80452340498
528.846215683241
531.867108476682
534.871706598208
537.855198418729
540.821576130675
543.766547075611
546.693650084443
549.599056582823
552.485902650601
555.350776454945
558.196454935803
 561.01990179063
563.823572705663
566.604770730128
569.365663455301
572.103861272188
574.821272898343
577.515787538272
580.189080951718
582.839295559161
585.467897283874
588.073258649785
590.656656486756
 593.21667243116
595.754412926203
598.268649552699
600.760335320648
603.228414163458
605.673701093836
608.095296176672
610.493890543414
612.868725368093
 615.22038086369
617.548225344976
619.852740057284
622.133407419036
624.390620767106
626.623964413322
628.833754056687
631.019664429576
633.181943163719
635.320344599471
637.435057248401
639.525904839814
641.593025155114
643.636301628821
645.655829202865
647.651541817472
649.623499017005
651.571676487005
653.496105411779
655.396794860796
657.273754330519
 659.12701827605
660.956580847522
662.762494218043
664.544743233003
666.303390417069
668.038417079968
669.749889005649
671.437789489324
673.102180731121
674.743053307056
676.360459216213
677.954401404886
679.524915257887
681.072020993506
682.595731152248
684.096087954854
685.573075030887
687.026761177809
688.457095191751
689.864176878784
691.247914404717
692.608442886495
693.945624169964
695.259632867286
696.550278903903
697.817780464531
699.061890024972
700.282873322837
701.480419908103
702.654846963993
703.805775673292
704.933578478545
706.037802770057
707.118879992394
708.176278315074
709.210491863707
710.220904135841
711.208075560152
 712.17129946758
713.111206160956
 714.02699324488
 714.91936442182
715.787415922491
716.631928333442
717.451890751861
718.248164095541
719.019624430744
719.767216419289
 720.48969703347
721.188098059083
 721.86105111589
722.509678461603
723.132479876839
 723.73067140588
724.302614239612
 724.84962148781
725.369908698472
725.864889285408
726.332625753995
726.774635012562
727.188818729914
727.576800442038
727.936312739083
728.269088845738
728.601481816938