 0.0010577869924812
 0.0014314930075188
0.00180519902255639
0.00217890503759399
0.00255261105263158
0.00292631706766917
0.00330002308270677
0.00367372909774436
0.00404743511278196
0.00442114112781955
0.00479484714285714
0.00516855315789474
0.00554225917293233
0.00591596518796992
0.00628967120300752
0.00666337721804511
0.00703708323308271
 0.0074107892481203
 0.0077844952631579
0.00815820127819549
0.00853190729323308
0.00890561330827068
0.00927931932330827
0.00965302533834587
 0.0100267313533835
 0.0104004373684211
 0.0107741433834586
 0.0111478493984962
 0.0115215554135338
 0.0118952614285714
  0.012268967443609
 0.0126426734586466
 0.0130163794736842
 0.0133900854887218
 0.0137637915037594
  0.014137497518797
 0.0145112035338346
 0.0148849095488722
 0.0152586155639098
 0.0156323215789474
  0.016006027593985
 0.0163797336090226
 0.0167534396240602
 0.0171271456390977
 0.0175008516541353
 0.0178745576691729
 0.0182482636842105
 0.0186219696992481
 0.0189956757142857
 0.0193693817293233
 0.0197430877443609
 0.0201167937593985
 0.0204904997744361
 0.0208642057894737
 0.0212379118045113
 0.0216116178195489
 0.0219853238345865
 0.0223590298496241
 0.0227327358646617
 0.0231064418796992
 0.0234801478947368
 0.0238538539097744
  0.024227559924812
 0.0246012659398496
 0.0249749719548872
 0.0253486779699248
 0.0257223839849624
         0.02609609
 0.0264697960150376
 0.0268435020300752
 0.0272172080451128
 0.0275909140601504
  0.027964620075188
 0.0283383260902256
 0.0287120321052632
 0.0290857381203008
 0.0294594441353384
 0.0298331501503759
 0.0302068561654135
 0.0305805621804511
 0.0309542681954887
 0.0313279742105263
 0.0317016802255639
 0.0320753862406015
 0.0324490922556391
 0.0328227982706767
 0.0331965042857143
 0.0335702103007519
 0.0339439163157895
 0.0343176223308271
 0.0346913283458647
 0.0350650343609023
 0.0354387403759399
 0.0358124463909774
  0.036186152406015
 0.0365598584210526
 0.0369335644360902
 0.0373072704511278
 0.0376809764661654
  0.038054682481203
 0.0384283884962406
 0.0388020945112782
 0.0391758005263158
 0.0395495065413534
  0.039923212556391
 0.0402969185714286
 0.0406706245864662
 0.0410443306015038
 0.0414180366165414
 0.0417917426315789
 0.0421654486466165
 0.0425391546616541
 0.0429128606766917
 0.0432865666917293
 0.0436602727067669
 0.0440339787218045
 0.0444076847368421
 0.0447813907518797
 0.0451550967669173
 0.0455288027819549
 0.0459025087969925
 0.0462762148120301
 0.0466499208270677
 0.0470236268421053
 0.0473973328571429
 0.0477710388721805
 0.0481447448872181
 0.0485184509022556
 0.0488921569172932
 0.0492658629323308
 0.0496395689473684
  0.050013274962406
 0.0503869809774436
 0.0507606869924812
 0.0511343930075188
 0.0515080990225564
  0.051881805037594
 0.0522555110526316
 0.0526292170676692
 0.0530029230827068
 0.0533766290977444
  0.053750335112782
 0.0541240411278196
 0.0544977471428571
 0.0548714531578947
 0.0552451591729323
 0.0556188651879699
 0.0559925712030075
 0.0563662772180451
 0.0567399832330827
 0.0571136892481203
 0.0574873952631579
 0.0578611012781955
 0.0582348072932331
 0.0586085133082707
 0.0589822193233083
 0.0593559253383459
 0.0597296313533835
 0.0601033373684211
 0.0604770433834586
 0.0608507493984962
 0.0612244554135338
 0.0615981614285714
  0.061971867443609
 0.0623455734586466
 0.0627192794736842
 0.0630929854887218
 0.0634666915037594
  0.063840397518797
 0.0642141035338346
 0.0645878095488722
 0.0649615155639098
 0.0653352215789474
  0.065708927593985
 0.0660826336090226
 0.0664563396240602
 0.0668300456390978
 0.0672037516541353
 0.0675774576691729
 0.0679511636842105
 0.0683248696992481
 0.0686985757142857
 0.0690722817293233
 0.0694459877443609
 0.0698196937593985
 0.0701933997744361
 0.0705671057894737
 0.0709408118045113
 0.0713145178195489
 0.0716882238345865
 0.0720619298496241
 0.0724356358646617
 0.0728093418796993
 0.0731830478947368
 0.0735567539097745
  0.073930459924812
 0.0743041659398496
 0.0746778719548872
 0.0750515779699248
 0.0754252839849624
         0.07579899
 0.0761726960150376
 0.0765464020300752
 0.0769201080451128
 0.0772938140601504
  0.077667520075188
 0.0780412260902256
 0.0784149321052632
 0.0787886381203008
 0.0791623441353383
  0.079536050150376
 0.0799097561654135
 0.0802834621804511
 0.0806571681954887
 0.0810308742105263
 0.0814045802255639
 0.0817782862406015
 0.0821519922556391
 0.0825256982706767
 0.0828994042857143
 0.0832731103007519
 0.0836468163157895
 0.0840205223308271
 0.0843942283458647
 0.0847679343609023
 0.0851416403759399
 0.0855153463909775
  0.085889052406015
 0.0862627584210526
 0.0866364644360902
 0.0870101704511278
 0.0873838764661654
  0.087757582481203
 0.0881312884962406
 0.0885049945112782
 0.0888787005263158
 0.0892524065413534
  0.089626112556391
 0.0899998185714286
 0.0903735245864662
 0.0907472306015038
 0.0911209366165413
  0.091494642631579
 0.0918683486466166
 0.0922420546616541
 0.0926157606766917
 0.0929894666917293
 0.0933631727067669
 0.0937368787218045
 0.0941105847368421
 0.0944842907518797
 0.0948579967669173
 0.0952317027819549
 0.0956054087969925
 0.0959791148120301
 0.0963528208270677
 0.0967265268421053
 0.0971002328571429
 0.0974739388721805
 0.0978476448872181
 0.0982213509022556
 0.0985950569172932
 0.0989687629323308
 0.0993424689473684
  0.099716174962406
  0.100089880977444
  0.100463586992481
  0.100837293007519
  0.101210999022556
  0.101584705037594
  0.101958411052632
  0.102332117067669
  0.102705823082707
  0.103079529097744
  0.103453235112782
   0.10382694112782
  0.104200647142857
  0.104574353157895
  0.104948059172932
   0.10532176518797
  0.105695471203008
  0.106069177218045
  0.106442883233083
   0.10681658924812
  0.107190295263158
  0.107564001278196
  0.107937707293233
  0.108311413308271
  0.108685119323308
  0.109058825338346
  0.109432531353383
  0.109806237368421
  0.110179943383459
  0.110553649398496
  0.110927355413534
  0.111301061428571
  0.111674767443609
  0.112048473458647
  0.112422179473684
  0.112795885488722
  0.113169591503759
  0.113543297518797
  0.113917003533835
  0.114290709548872
   0.11466441556391
  0.115038121578947
  0.115411827593985
  0.115785533609023
   0.11615923962406
  0.116532945639098
  0.116906651654135
  0.117280357669173
  0.117654063684211
  0.118027769699248
  0.118401475714286
  0.118775181729323
  0.119148887744361
  0.119522593759399
  0.119896299774436
  0.120270005789474
  0.120643711804511
  0.121017417819549
  0.121391123834586
  0.121764829849624
  0.122138535864662
  0.122512241879699
  0.122885947894737
  0.123259653909774
  0.123633359924812
   0.12400706593985
  0.124380771954887
  0.124754477969925
  0.125128183984962
         0.12550189
  0.125875596015038
  0.126249302030075
  0.126623008045113
   0.12699671406015
  0.127370420075188
  0.127744126090226
  0.128117832105263
  0.128491538120301
  0.128865244135338
  0.129238950150376
  0.129612656165414
  0.129986362180451
  0.130360068195489
  0.130733774210526
  0.131107480225564
  0.131481186240602
  0.131854892255639
  0.132228598270677
  0.132602304285714
  0.132976010300752
  0.133349716315789
  0.133723422330827
  0.134097128345865
  0.134470834360902
   0.13484454037594
  0.135218246390977
  0.135591952406015
  0.135965658421053
   0.13633936443609
  0.136713070451128
  0.137086776466165
  0.137460482481203
  0.137834188496241
  0.138207894511278
  0.138581600526316
  0.138955306541353
  0.139329012556391
  0.139702718571429
  0.140076424586466
  0.140450130601504
  0.140823836616541
  0.141197542631579
  0.141571248646617
  0.141944954661654
  0.142318660676692
  0.142692366691729
  0.143066072706767
  0.143439778721805
  0.143813484736842
   0.14418719075188
  0.144560896766917
  0.144934602781955
  0.145308308796992
   0.14568201481203
  0.146055720827068
  0.146429426842105
  0.146803132857143
   0.14717683887218
  0.147550544887218
  0.147924250902256
  0.148297956917293
  0.148671662932331
  0.149045368947368
  0.149419074962406
  0.149792780977444
  0.150166486992481
  0.150540193007519