456.947254034032
 456.94744721657
456.947587802885
456.947590130976
456.947496312789
456.947290970353
456.946979653914
456.946565233253
456.946043617679
456.945422047443
456.944693990039
456.943867366858
456.942935128739
456.941904911199
456.940769660199
456.939536484427
456.938198456823
456.936762110091
456.935220673195
456.933580102654
456.931833784202
456.929987108966
456.928033612067
456.925978131196
456.923814340934
 456.92154653633
456.919168520601
 456.91668405544
456.914087061531
456.911380775127
456.908559223088
456.905625122975
 456.90257259649
456.899403848266
456.896113083448
 456.89270199865
456.889164870906
456.885502892904
456.881710401713
456.877788089377
456.873730340628
 456.86953734929
456.865203534627
456.860728593735
456.856106966238
456.851337852976
456.846415698431
456.841339206569
456.836102809607
456.830704712861
456.825139317263
456.819404326513
456.813494089088
456.807405802924
456.801133740489
456.794674588678
456.788022517798
456.781173697399
456.774122166691
456.766863570692
 456.75939178563
456.751701924096
 456.74378766434
456.735643578152
456.727263107533
456.718640274864
 456.70976824419
456.700640479914
456.691249822779
456.681589170973
456.671650992743
456.661427612463
 456.65091107258
456.640093117007
456.628965304677
456.617518793681
456.605744596965
 456.59363328305
456.581175251267
456.568360478792
456.555178678089
456.541619235564
456.527671097438
456.513323062648
456.498563225092
456.483379802719
456.467759943697
  456.4516912951
456.435159957938
 456.41815302268
456.400655433003
456.382653741767
456.364131615578
456.345075094063
456.325466436608
456.305291200072
456.284530095149
 456.26316823329
456.241184622718
456.218563974642
456.195283427694
456.171327346813
 456.14667081947
456.121297928239
456.095181512235
456.068305446755
456.040640108488
456.012169253107
455.982860562607
455.952697774782
455.921645625049
455.889687950856
 455.85678626804
455.822924648875
455.788061093906
455.752180065077
455.715235727519
455.677213109596
455.638062194682
 455.59776877865
455.556278288642
455.513577516113
455.469606927323
455.424354567251
 455.37775550428
455.329799327858
 455.28041523685
 455.22959469251
455.177260515432
455.123406406113
455.067948258233
455.010882423914
454.952117274466
454.891652294725
454.829387598213
454.765326789798
454.699360940958
454.631496304158
454.561617525734
454.489731796664
454.415717758967
454.339583364453
454.261201202008
454.180579954362
454.097586081186
454.012228974971
453.924368909092
453.834015959235
453.741024181876
453.645404301679
453.547004158194
453.445835081919
453.341738730013
  453.2347269854
453.124635396182
453.011476332528
452.895079350082
  452.7754572276
452.652433692881
452.526021839172
452.396039784032
452.262500823469
452.125217740643
451.984203902437
451.839267097172
451.690420607723
 451.53746763659
451.380421201516
451.219080403635
451.053457784513
 450.88334891007
450.708765600537
450.529500540978
450.345564546249
450.156748169947
449.963060893207
449.764291989706
449.560449228011
449.351321563116
449.136914614589
448.917018097648
 448.69163498074
448.460556944406
448.223783728856
447.981110320472
447.732532568413
447.477850250907
447.217054565186
446.949951724009
446.676527399416
446.396596050661
446.110136822247
 445.81697441557
445.517080296667
445.210291605164
444.896570806141
444.575769893743
444.247840810866
443.912653066328
443.570146328447
443.220210553468
442.862771112611
442.497741650176
 442.12503090042
441.744579788096
441.356277695454
440.960096827025
440.555904051343
440.143707329035
439.723347317046
439.294872775426
438.858093802055
438.413105683647
  437.9596828161
437.497973577608
437.027710533304
436.549102759956
436.061833624242
435.566181827675
435.061772589096
434.548964860629
434.027314707577
433.497274191947
432.958316489686
432.411002630756
431.854705451338
 431.29011493296
430.716480919147
430.134648162366
429.543713316532
428.944710250948
428.336540816174
427.720475286884
 427.09516085962
426.462172059374
425.819810295587
425.170056619126
424.510716248668
423.844340100205
423.167956230675
422.484960333386
421.790949956605
421.090583683107
420.375556372494
419.649807417481
418.835558061389
417.461266382051
416.673236643649
415.909597874062
415.139915352286
414.371761174101
 413.59458608625
412.815616822061
412.027802245777
411.237182956014
410.438216664218
409.636093824432
408.826144933007
408.012962194101
 407.19245521725
406.368779522346
 405.53826073464
404.704723347036
403.864807978663
403.022079798954
402.173427191643
401.322206372911
400.465506422822
399.606468916449
 398.74247572605
397.876360530367
397.005796248141
  396.1333521437
395.256951787672
394.378934343668
393.497441817238
 392.61461073735
391.728775410238
390.841892076019
389.952465796502
389.062290972015
388.170025401723
387.277317084686
386.382961293546
385.488472708554
384.592770993321
383.697248727377
382.800938631828
381.905120914182
381.008931437385
 380.11354656599
379.218196549703
378.323961466081
377.430158154825
376.537777168249
375.646214936831
374.756378597687
373.867737841342
372.981121962461
372.096068144807
371.213332968487
370.332515822233
369.454305329718
368.578358204686
367.705299564026
366.834838916671
365.967542064118
365.103167082351
364.242224431855
363.384516788639
 362.53050306353
 361.68002679247
 360.83349897301
359.990800458998
359.152297839276
358.317905917124
357.487950264602
 356.66237641862
355.841472229609
355.025210887129
354.213845731516
353.407374643509
352.606019592181
351.809800294331
 351.01891042296
350.233388770801
349.453403733897
348.679010505958
 347.91035517543
347.147506738688
346.390591901501
345.639690933836
344.894914043774
344.156350308555
343.424096287505
342.698247455909
341.978889540567
341.266122057683
340.560022688041
339.860692679336
339.168204425813
338.482658641033
337.804125167632
337.132701959737
336.468459021113
 335.81148935837
335.161865829245
 334.51967433916
333.884993275036
333.257899319327
332.638479048034
332.026797828443
331.422953072574
330.826996767838
330.239039798734
329.659118733663
329.087360558194
328.523784406379
327.968535988345
327.421615010634
326.883188529261
326.353234850792
325.831944999473
325.319273928757
324.815439257864
324.320370652079
323.834314960396
323.357174641857
322.889228422006
322.430349651578
321.980851595664
321.540576609807
321.109875182416
320.688556801477
320.277011888209
319.875015204723
319.482999845565
319.100704002441
 318.72860622054
318.366406290433
318.014631028292
317.672940006878
317.341911183467
317.021162111082
 316.71132481539
316.411973043501
316.123795881842
315.846321502738
315.580299119655
315.325209580732
315.081865376169
314.849698302736
314.629587370941
314.420913624905
314.224625944453
314.040052950311
313.868216858861
313.708392233075
313.561678225448
313.427293750354
 313.29294183064