1804382.84082804
1804377.61028855
1804414.39456392
1804432.68013046
 1804450.8481147
 1804472.0382222
1804482.45188085
1804501.13000563
1804506.76117355
1804521.55481011
1804523.25049012
1804533.85353344
1804531.87785013
1804538.25539091
1804532.70287998
 1804534.8792832
1804525.78618566
1804523.78906031
1804511.16368994
 1804505.0094417
1804488.84078547
1804478.53117979
 1804458.7915717
 1804444.3131389
1804420.95925346
1804402.28336093
1804375.25666915
1804352.33968715
1804321.56668669
 1804294.3501007
1804259.74240892
1804228.15284447
1804189.60718251
1804153.55633712
1804110.95441622
1804070.33890033
1804023.54721605
1803978.24830573
1803927.11784396
1803877.00114784
1803821.36700497
1803766.28204718
1803705.96296619
1803645.74268639
 1803580.5405097
1803515.00068059
1803444.69971996
1803373.63828224
 1803298.0046053
1803221.20091917
1803139.98155186
  1803057.195564
1802970.11760742
 1802881.0889317
1802787.85859163
1802692.30550141
1802592.60702833
1802490.22535799
1802383.71989484
1802274.18184759
1802160.50618258
1802043.45904141
1801922.22426244
1801797.28900077
1801668.07904798
1801534.84883632
1801397.21894911
1801255.25755371
1801108.73260807
 1800957.5726775
1800801.64540963
1800640.78664491
 1800474.9157568
1800303.82296075
1800127.43110327
1799945.53210456
1799758.00373372
1799564.68718105
1799365.36628295
1799159.97930501
1798948.16698508
1798730.01271185
 1798504.9646443
1798273.29958549
1798034.22331881
1797788.25459555
1797534.30671048
1797273.18913661
1797003.47225323
1796726.30526315
1796439.86489437
 1796145.6893148
1795841.51056402
1795529.30522791
 1795206.3093296
1794874.98753112
1794532.02823383
1794180.43402446
  1793816.293817
1793443.19814402
1793056.58432668
1792660.68101657
1792250.22162095
1791830.12321196
1791394.36277461
1790948.59620448
 1790485.9914014
1790012.99355853
1789521.90871003
1789020.02185849
 1788498.7243162
1787966.19140779
1787412.84683863
1786847.80672812
1786260.47431294
  1785660.956896
1785037.58446422
1784401.50576098
1783739.92488622
1783065.08209767
1782363.00318362
1781647.06975204
1780902.07714226
1780142.59785187
1779352.14500202
1778546.53116095
1777707.93591735
1776853.46066672
1775963.90070333
1775057.69449336
1774114.20301796
1773153.24905547
1772152.71201862
1771133.83626608
1770073.01661478
1768992.75133464
1767868.49845249
1766723.15726617
1765531.97066921
1764317.87162299
1763056.03851077
1761769.35351365
1760432.99361576
1759069.73284489
1757654.80198163
1756210.81216324
1754713.10268275
1753184.06752907
1751599.20937237
1749980.65118125
1748304.11402576
1746591.39646281
1744818.49309476
1743006.82527174
 1741132.7163139
1739217.15828746
1737236.85840777
 1735212.3282237
1733120.71395038
1730981.99635789
1728773.81562451
1726515.57258181
1724185.45612193
1721802.23920941
1719344.71391412
1716830.97876347
 1714240.4831061
1711590.60594353
1708861.50756398
1706069.80395209
1703196.41947852
1700257.16532487
 1697233.7824921
1694141.23737245
1690962.13947524
1687710.57229638
1684370.06499048
1680953.78199036
1677446.22242604
1673859.59747889
1670179.42571979
1666416.93288022
1662558.70552521
1658614.95370847
1654573.37959657
1650443.14925275
1646213.12709029
1641891.40868819
1637468.06639513
1632950.10048783
1628328.83601605
1623610.15461535
1618786.67794697
1613863.14688842
1608833.52287797
1603701.38481335
  1598462.076494
1593117.99410451
1587665.90603754
1582107.00501972
 1576439.5262284
1570663.43756668
1564778.48356231
1558783.38456818
1552679.43794782
1546464.09151631
1540140.24059034
 1533704.0321004
1527160.00699342
1520502.97825945
1513739.18392175
1506862.06358786
1499879.60915549
1492783.83890955
1485584.56285898
1478272.31882442
1470858.80937955
1463333.01800966
1455708.62826951
1447972.97600253
1440141.83325589
1432200.76905448
1424167.77771029
1416026.50733652
1407797.34477778
1399461.81510228
1391042.91946045
1382519.78996468
1373918.33806049
1365214.93425219
1356438.80612698
1347563.04407281
1338620.76590487
1329581.02360536
1320481.66806265
1311286.54285547
1302039.52655116
1292697.30382595
1283311.87837758
1273829.10554909
1264312.68003004
1254689.05124424
1245039.05531884
1235237.19304679
1225355.25685058
1214351.83730204
1196276.60085397
  1186006.330738
1176111.98162283
1166196.93859513
1156359.23023334
1146464.41113013
 1136605.6928172
1126694.84932161
1116809.17867392
1106880.45488378
1096974.47667178
1087034.63055028
1077118.52410081
1067177.28069393
1057262.43641789
1047330.69651415
1037428.91023683
1027518.02775943
1017641.15052789
 1007762.5820722
997922.335797848
988087.442746905
978294.826325952
968515.228072339
958781.478987553
949067.922828113
 939403.87910247
929766.750755955
920182.806391892
910632.074209627
901138.142956812
891683.313577436
882288.799136838
872938.882579158
863652.654597663
854416.137169612
845246.512622149
836131.336595568
827086.066251278
818099.615559928
809185.875260903
800334.966645473
791559.353126513
782850.232239841
774218.763204481
765657.105237749
757175.223388358
748766.137804036
740438.718507287
732186.757478427
724018.119734173
715927.289898618
707921.210271648
699994.987417624
692154.716588054
684396.062896487
676724.344485715
669135.727965437
661634.819300524
654218.235066008
646889.929555306
639646.922612312
632492.573418759
625424.262641516
618444.807356624
611551.910360319
604747.896400924
598030.755035048
591402.365505682
584860.971716568
578408.051502393
 572042.07333703
565764.155215209
559572.962762169
553469.293342631
547451.984429869
541521.549759521
535676.975252197
529918.525939312
524245.314503512
518657.390240869
513153.972460948
507734.925847378
 502399.55760534
497147.577185103
491978.362229981
486891.494688124
481886.406341373
476962.577810414
472119.479770246
467356.516219656
 462673.18244256
 458068.82913684
453542.962788462
449094.902813111
444724.154293525
440430.026159945
436212.010219519
432069.424570713
 428001.73654309
424008.291991558
420088.523179318
416241.821317015
412467.573573603
408765.233201587
405134.132760478
401573.803392482
398083.514000724
394662.888701054
391311.124120454
388027.951742351
384812.487686848
381664.584582325
378583.270164811
375568.531441825
372619.300208831
369735.710616871
366916.591254287
364162.235783658
361471.362581123
358844.436866485
356280.060033583
353778.880657515
351339.376590314
348962.391388681
346646.272991472
344392.071468795
 342197.99864275
340065.322613472
337992.113032288
335979.867612469
334026.507914151
332133.772998359
330299.430534025
328525.472904647
326809.508197413
325153.794426553
323555.774509552
322017.984832562
320537.697653856
319117.741010882
317755.211112304
316453.241579267
 315208.74728565
314025.182145079
312899.274527729
311834.814260053
310828.338174988
309883.988692886
308998.106238949
308175.203734748
307411.420528553
306711.659360899
306071.854085208
305434.096456154