0.0820915560235711
0.0820641616438797
0.0820439649029916
0.0820428353845766
0.0820549423209712
0.0820824099539052
0.0821244535418898
0.0821806578608682
0.0822515572894766
0.0823361203136479
0.0824352041476453
0.0825476728075228
0.0826744401830556
0.0828144003364193
0.0829684530853446
 0.083135556259884
0.0833165772105705
0.0835105444390222
0.0837182884900679
 0.083938908405402
0.0841731973879992
0.0844203231310925
0.0846810420149352
0.0849545881361592
0.0852416818894404
0.0855416215276832
0.0858550924161116
0.0861814548023774
0.0865213600428502
0.0868742283157859
 0.087240678038517
 0.087620187346262
0.0880133428321651
0.0884196786940386
0.0888397508600504
0.0892731477636408
0.0897203958723318
0.0901811360840252
0.0906558666566577
0.0911442792260353
0.0916468451405504
0.0921633050811737
 0.092694104838575
 0.093239032469493
0.0937985096138026
0.0943723700477248
0.0949610127261523
0.0955643154915513
0.0961826561427681
0.0968159549283594
0.0974645700878417
0.0981284625988543
0.0988079728111527
0.0995031007276317
 0.100214170556175
 0.100941219584241
 0.101684557709916
 0.102444257717469
 0.103220617117701
 0.104013742346505
 0.104823920546993
 0.105651289893435
 0.106496129284978
 0.107358606642062
 0.108238994855162
 0.109137489508494
 0.110054359838565
 0.110989826909195
 0.111944158785306
 0.112917599712364
 0.113910419202459
 0.114922882258516
 0.115955262604044
 0.117007843436078
 0.118080905608875
 0.119174747797625
 0.120289661071776
 0.121425956702117
 0.122583939233354
 0.123763929468131
 0.124966248873117
 0.126191224522674
 0.127439198450264
   0.1287105005296
 0.130005497215912
 0.131324517481131
 0.132667956279916
 0.134036137735294
 0.135429489614772
 0.136848326981405
  0.13829311497836
 0.139764155114994
 0.141261954736522
  0.14278679700275
 0.144339236565667
  0.14591953311728
  0.14752829401477
 0.149165750020628
 0.150832566905291
 0.152528940674675
 0.154255601546727
 0.156012704555684
 0.157801050744647
 0.159620747549503
 0.161472673577338
 0.163356881603105
 0.165274334916378
  0.16722502410751
  0.16921000466585
 0.171229196986435
 0.173283756694274
 0.175373525464533
 0.177499767432876
 0.179662236488645
 0.181862314113476
 0.184099656775203
 0.186375772619042
 0.188690210456818
 0.191044614919966
 0.193438416301161
 0.195873406069258
 0.198348884475481
 0.200866800730259
 0.203426312830672
 0.206029539211111
 0.208675482679505
 0.211366442981106
 0.214101254044673
 0.216882409645488
 0.219708560352596
 0.222582407361201
 0.225502402530156
   0.2284714687731
 0.231487842015935
 0.234554686553296
 0.237669982288565
 0.240837155654317
  0.24405401052448
 0.247324092164731
 0.250645116170312
 0.254020715083444
  0.25744852725738
  0.26093226456578
 0.264469492037257
  0.26806399469676
 0.271713267847144
 0.275421163143274
 0.279185110101594
 0.283009019930292
 0.286890260722572
 0.290832795568241
 0.294833935956868
 0.298897688568662
 0.303021313594947
 0.307208852372664
 0.311457519616361
 0.315771381720813
  0.32014761429305
 0.324590298498761
 0.329096577787812
 0.333670537098832
 0.338309295291133
 0.343016929343716
 0.347790541745473
 0.352634189024262
 0.357544966211955
 0.362526896109132
 0.367577075940005
 0.372699480689599
 0.377891220205951
 0.383156206727998
 0.388491573991606
 0.393901155683247
 0.399382121578582
 0.404938210091244
 0.410566640138231
 0.416271037181906
 0.422048683400785
 0.427903072617866
 0.433831565490209
 0.439837504442571
 0.445918345013708
 0.452077257327439
 0.458311809496376
 0.464624977208959
 0.471014460252351
 0.477483016407068
 0.484028497783954
 0.490653419315767
 0.497355807799591
 0.504137908755875
 0.510997947939832
 0.517937873077966
 0.524956135298996
 0.532054354101082
 0.539231234826983
 0.546488035969815
 0.553823748693075
 0.561239235009034
 0.568733806690321
 0.576307890652118
 0.583961157756126
 0.591693557515496
 0.599505162682574
 0.607395398690106
  0.61536478808922
 0.623412180319962
  0.63153860173326
 0.639742267540776
 0.648024769238572
  0.65638362185947
 0.664821052339429
  0.67333380007209
 0.681924808761558
 0.690589954848809
 0.699332993911298
 0.708148837170345
  0.71704216462767
 0.726006800898336
 0.735048485399852
 0.744159809936274
 0.753347737715136
 0.762603448751663
 0.771935333682177
 0.781332937614293
 0.790806335981786
 0.800343155035024
 0.809955487993126
  0.81962867218534
 0.829377261698607
 0.839183809036969
 0.849065939375635
 0.859002733508214
 0.869015765536591
 0.879079654429294
 0.889221260887601
  0.89940924423084
 0.909677961664726
 0.919987714870607
 0.930384490236021
 0.940816189440236
 0.951350046479816
 0.961915410481464
 0.972637180261366
 0.983455366639945
 0.995518676488707
  1.01571040021809
  1.02719775844785
  1.03826964872532
  1.04937186195627
  1.06039691314723
  1.07149759824601
  1.08257169655544
  1.09372047017345
  1.10485933985811
  1.11606734583003
  1.12727258698501
  1.13854125449483
  1.14981040030797
  1.16113769423744
  1.17246674649368
  1.18384910915503
  1.19523337915463
  1.20666647974489
  1.21810092291022
   1.2295799940635
  1.24105936257885
   1.2525793700019
  1.26409885465239
  1.27565402736428
  1.28720808689247
  1.29879318774532
  1.31037624410087
   1.3219859382729
  1.33359239062571
  1.34522127465746
  1.35684550908665
  1.36848813222774
  1.38012452931985
   1.3917754094432
  1.40341835053192
  1.41507198640355
  1.42671585884206
   1.4383667398282
  1.45000594150967
  1.46164855539804
  1.47327749864687
  1.48490633801905
  1.49651945292518
  1.50812902037053
  1.51972075761152
  1.53130556998157
  1.54287040316214
  1.55442499500564
  1.56595742253594
  1.57747634881651
   1.5889708953461
  1.60044873351865
  1.61189995094075
  1.62333130244592
  1.63473377048557
  1.64611326170897
  1.65746158810799
  1.66878387084297
  1.68007269115463
  1.69133244260098
   1.7025564196069
  1.71374834193337
  1.72490216469532
  1.73602098419028
  1.74709936674888
  1.75813983258072
  1.76913751231312
  1.78009439491947
  1.79100613056719
  1.80187421969015
  1.81269478906781
  1.82346889145032
  1.83419308884521
  1.84486802560201
  1.85549065887332
  1.86606126254825
  1.87657714993403
  1.88703826125367
  1.89744222789192
  1.90778869222387
  1.91807556639356
  1.92830222991595
  1.93846683900158
  1.94856854458853
   1.9586057107709
  1.96857729359713
   1.9784818292711
  1.98831811213653
  1.99808481505475
  2.00778060342835
  2.01740425156842
   2.0269543283485
  2.03642967449864
  2.04582879448427
  2.05515056054086
  2.06439344460742
  2.07355631557536
  2.08263764454453
  2.09163626222906
  2.10055067042094
  2.10937962679722
   2.1181216952501
   2.1267755254938
  2.13533977483373
   2.1438129499935
  2.15219383293324
   2.1604807522224
  2.16867264566561
  2.17676762834724
  2.18476482507068
  2.19266210190662
  2.20045880178907
  2.20815250601932
   2.2157428067815
    2.223226964596
  2.23060485201156
  2.23787337247174
  2.24503271000398
  2.25207937436604
  2.25901389217951
  2.26583234256508
  2.27253562585479
  2.27911935320849
  2.28558482978238
   2.2919271610481
  2.29814808809074
  2.30424217253001
  2.31021162246631
  2.31605041703275
  2.32176126240055
  2.32733751607374
  2.33278241330242
  2.33808865027204
  2.34326002225194
  2.34828852382986
  2.35317854114139
  2.35792132626198
  2.36252188691717
  2.36697069107015
  2.37127339859972
  2.37541965101624
  2.37941579071081
  2.38325058960039
  2.38693110269168
  2.39044518830074
  2.39380064383501
  2.39698436906139
  2.40000493318236
  2.40284823144445
  2.40552363376236
  2.40801598377611
  2.41033548045091
  2.41246586751485
  2.41441820062154
  2.41637117065614