697192.064052273
697190.883203096
697205.715482795
697212.815451229
697219.464161877
697226.809414314
697229.543204541
 697235.03477133
697235.032344569
697238.147910161
697235.752692913
697236.382620347
697231.705969467
 697229.84262853
697222.925669406
697218.580789126
697209.438128564
697202.621064574
697191.252822712
697181.965048467
697168.360345706
697156.594216954
 697140.73231304
697126.470914671
697108.321663081
697091.538890439
697071.062957264
697051.723609748
697028.872580913
 697006.93241214
696981.648825186
696957.054537759
  696929.2718505
696901.961034496
 696871.60353592
696841.504552685
696808.487219157
696775.519032217
696739.747331056
696703.819285605
696665.188927445
 696626.20047947
696584.597120312
696542.437515989
696497.736409464
696452.284315072
696404.349915025
696355.472997293
696304.158510491
696251.712966975
696196.859855417
696140.689894212
696082.127326276
696022.064594131
695959.608843515
695895.471801178
695828.925592402
695760.518835813
695689.670634828
695616.784160605
  695541.4074089
 695463.81582239
695383.668112818
695301.129776858
695215.951969289
695128.208091683
695037.723366477
694944.497024136
694848.409871353
 694749.40496895
694647.400111156
694542.300272129
694434.041518653
694322.508906363
 694207.63793685
 694089.31200376
693967.447078921
693841.943241713
693712.677839278
 693579.58607792
693442.487451914
693301.370830904
693155.978492571
693006.371602743
  692852.1957217
692693.603041299
692530.122765801
692362.016939881
692188.678635475
692010.498673083
691826.714079419
691637.863468574
691443.007774684
691242.852515763
691036.262354802
690824.128913658
690605.100278886
690380.273461895
 690148.05954657
689909.780300742
689663.589265658
689411.052408078
689150.045081638
688882.396963774
688605.684480872
688322.020594702
688028.661982172
687728.024516692
687417.024234803
687098.399593296
686768.705044649
686431.021335047
686081.520354327
685723.644867236
685353.163207586
684973.899898927
684581.198733201
684179.285731081
683763.059189008
683337.166347257
682896.039112467
682444.765636378
681977.290630457
681499.162803528
  681003.8189876
680497.288031577
679972.478359598
679435.918463543
678879.968026169
678311.674579737
677722.829001314
677121.016981315
676497.441552658
675860.242067829
 675200.03115333
674525.441153003
673826.701703507
673112.606241596
672373.288758432
671617.556585006
670835.508359502
670035.932471607
669208.917211571
668363.210204092
667488.911298674
 666594.70666021
665670.729528825
664725.584172541
 663749.45924383
 662750.85689897
661720.043429975
660665.398928943
659577.289751761
658463.954284469
657315.881556149
656141.148965217
654930.390993815
 653691.50518183
652415.294398107
651109.457913963
649764.990053145
648389.373918521
646973.818469696
645525.573298856
644036.085270729
642512.353726888
640946.086767595
639344.017386915
637698.138282346
636014.900682154
 634286.60524161
632519.406712547
630705.937032515
628852.040495078
626950.703571569
 625007.44685587
623015.634492988
620980.450876693
 618895.66081434
616766.100727831
614585.958884623
612359.712664726
 610081.99636387
607756.917908384
605379.579924731
602953.711069927
600474.904306192
597946.499718964
595364.602288865
592732.154634993
590045.795101424
 587308.06022213
584516.142710252
581672.164511698
578773.893390877
575823.028126287
572817.931931973
569759.871534598
566647.825782411
563482.619890268
560263.868420725
556991.944721961
553667.119206147
550289.301727399
546859.438962331
543376.963922376
539843.520550352
 536258.04940763
532622.913706943
528936.543042251
525202.043457389
521417.311351265
517586.221458788
513706.110045373
509781.649686219
505809.583588494
501795.415936709
 497735.25630665
 493635.48068508
489491.514576601
485310.654865795
 481087.57964061
476830.568146074
472533.470518408
468205.627139362
 463839.95623563
459446.962663407
455018.495958725
450566.364303746
446081.164155939
441576.198554977
437040.554434155
432489.301989964
427909.647051826
423318.828357548
418701.601484575
 414077.99209276
409429.361865417
 404779.52735211
400104.687387242
395434.158505639
390734.853205994
386044.202112919
381304.205218082
376547.838301494
371277.499506097
 362628.49330983
357750.222660018
353076.485285774
348418.564968464
 343822.28926596
339224.787918796
334669.446150965
330115.584281862
325598.819746472
321088.076064391
316613.323029135
312149.059405602
307721.197516712
303307.949381209
298932.190467253
294574.810276111
290256.316156504
 285959.63227292
281703.353558086
277472.010052784
273282.606752534
269120.978557156
265002.575495685
260914.920625996
256871.522737189
252861.512750679
248896.742912597
244967.693450438
241084.786884539
237239.647153976
233441.450811049
229682.799493636
225971.775290482
222301.821608575
 218680.05294238
215100.641846012
211569.842938659
208082.463660418
 204643.99134594
201249.788734303
197904.656334905
194604.444474796
191353.337430732
188147.615124126
184990.908058455
181879.875783591
178817.650698056
175801.228701955
172833.294016712
169911.141226881
167037.051395038
164208.584865032
161427.660313002
158692.074944094
156003.422110287
153359.710418461
150762.241685413
148209.213409332
145701.666747593
143237.968119103
140818.926284486
138443.058808323
136110.967957147
133821.306570703
131574.494180006
129369.304686925
127205.996687945
125083.452380961
123001.789434299
  120959.9868427
118958.039702183
116995.013417711
115070.797347101
113184.533898684
111336.022120735
109524.472883384
107749.609054511
106010.702190802
 104307.41190666
102639.063350641
101005.264698314
99405.3882014613
97839.0013828082
96305.5176498462
94804.4737078985
93335.3186570783
91897.5673433886
90490.6995312262
89114.2163567851
87767.6236115022
86450.4161274721
85162.1214385128
83902.2347955912
82670.3015087643
81465.8233457482
80288.3597149425
79137.4244280136
78012.5875750545
76913.3800196347
75839.3793539631
74790.1380308041
73765.2381802345
 72764.257956771
71786.7812598142
70832.4156768953
69900.7442860964
68991.4074990167
  68103.98514348
67238.1535449132
66393.4869988596
65569.7005699408
64766.3608727489
63983.2243071088
 63219.847778882
62476.0314231114
61751.3205185908
  61045.56117147
60358.2852140015
59689.3868257286
 59038.382662023
58405.2169739316
57789.3895897751
57190.8967545334
56609.2198912651
56044.4091134301
55495.9259250775
54963.8761621374
54447.6999535971
 53947.560718412
53462.8758061216
52993.8681129811
52539.9308511035
52101.3483495814
51677.4883671356
51268.6987106827
50874.3204080552
 50494.766907686
50129.3512650877
49778.5548833642
49441.6616389979
49119.2233849444
48810.4936467637
48516.0974396916
48235.2568030547
 47968.672882203
47715.5351350533
47476.6241023262
47251.0956114762
47039.8132079956
46841.8980947372
46658.3008279303
46488.1070588446
46332.3588161987
46190.1053561955
46048.3894216635