 4.63152527470085
 4.63151351407755
 4.63160919653606
 4.63165631516037
 4.63170238514343
 4.63175534325225
 4.63177981535072
 4.63182469800315
 4.63183525658012
 4.63186855492232
 4.63186740312112
 4.63188834621104
 4.63187617774084
 4.63188468507269
 4.63186174912307
 4.63185788533409
 4.63182427368609
 4.63180810471986
 4.63176383040445
 4.63173538673568
  4.6316804065975
 4.63163967477389
 4.63157389672794
 4.63152081818308
 4.63144410408959
  4.6313785756138
 4.63129074270278
 4.63121261708343
 4.63111343872101
 4.63102252516368
 4.63091173117954
 4.63080779541464
 4.63068507205751
 4.63056783611514
  4.6304328256634
 4.63030196732135
 4.63015426736587
 4.63000941928251
 4.62984858169807
 4.62968933024479
 4.62951485986639
 4.62934074367544
 4.62915209669622
 4.62896260494034
 4.62875918704755
 4.62855375746692
 4.62833492173121
 4.62811293842135
 4.62787798295207
 4.62763877392398
 4.62738693930017
 4.62712977382039
 4.62686024030376
 4.62658432601781
 4.62629621054898
 4.62600069038763
 4.62569304336323
 4.62537699222652
 4.62504879405017
 4.62471121525994
 4.62436137265593
 4.62400119416408
 4.62362853623984
 4.62324460657625
 4.62284788061627
 4.62243896455823
 4.62201683153049
 4.62158160547369
  4.6211326352286
 4.62066968223925
 4.62019234838041
 4.61970015290761
 4.61919282731415
 4.61866976954263
  4.6181307165237
 4.61757506634779
 4.61700243641125
 4.61641234701291
  4.6158041702316
 4.61517767124657
 4.61453185020818
 4.61386684046715
 4.61318114279493
 4.61247538262808
 4.61174743306295
 4.61099853615903
 4.61022580819507
 4.60943123300841
  4.6086110400767
   4.607768080778
 4.60689756697623
 4.60600334394547
 4.60507947431322
 4.60413092417617
 4.60315047451885
 4.60214433973117
 4.60110388599871
 4.60003670398544
  4.5989326112154
 4.59780070307708
 4.59662911391581
 4.59542857271689
 4.59418539553693
 4.59291207419703
 4.59159297083432
 4.59024246964845
 4.58884284278864
 4.58741049660876
 4.58592547685877
 4.58440634197659
 4.58283077466558
 4.58121961544428
 4.57954804720622
 4.57783932251827
 4.57606598771858
 4.57425383725706
 4.57237264433618
 4.57045087487807
 4.56845539269683
 4.56641746440944
 4.56430090869401
 4.56213992158911
 4.55989514158736
 4.55760382224256
 4.55522328771894
 4.55279397640094
  4.5502697651135
 4.54769440345381
 4.54501818928075
 4.54228830864182
 4.53945135067798
 4.53655806075228
 4.53355119655198
 4.53048516046541
 4.52729886838104
 4.52404995695804
 4.52067489854554
 4.51723237051548
 4.51365826979607
 4.51001136178942
 4.50622735850632
 4.50236489624683
 4.49835966525086
 4.49427002609199
 4.49003178999481
 4.48570290215183
 4.48121943649926
 4.47663878455825
 4.47189742533121
 4.46705205950308
 4.46203971416962
 4.45691626339004
 4.45161942594843
 4.44620411516726
 4.44060888555436
 4.43488755758045
 4.42897966581311
 4.42293780807824
 4.41670264348876
 4.41032542008522
 4.40374806599889
 4.39702035532854
 4.39008562951159
 4.38299206786012
 4.37568456903791
 4.36820960035528
 4.36051376106381
 4.35264169319003
 4.34454183917746
 4.33625690670117
 4.32773732303946
 4.31902375691471
 4.31006876091461
   4.300910864889
 4.29150488583406
 4.28188711965761
 4.27201478528468
 4.26192185457545
  4.2515680841304
 4.24098503666835
 4.23013514025738
 4.21904746836481
  4.2076872522045
 4.19608100074902
 4.18419687779307
 4.17205875722081
 4.15963786251063
 4.14695536618273
 4.13398567613431
 4.12074720110303
 4.10721765580607
  4.0934126260296
     4.0793132535
 4.06493224435985
 4.05025428555619
  4.0352891484118
 4.02002518170391
 4.00446916709872
 3.98861323076539
 3.97246110878994
 3.95600882002679
 3.93925699625201
 3.92220566509365
 3.90485229041211
  3.8872010269178
 3.86924609957685
 3.85099591259897
  3.8324413706762
 3.81359525652879
 3.79444505908844
 3.77500807845897
 3.75526827363234
 3.73524761513411
 3.71492639338145
 3.69433142222204
  3.6734391530408
 3.65228144337707
  3.6308306936945
 3.60912404333882
  3.5871295757117
  3.5648900019164
 3.54236875036017
 3.51961446537308
 3.49658548596335
 3.47333685078223
 3.44982124272372
 3.42610069668888
 3.40212148648403
 3.37795344834848
 3.35353542306964
 3.32894615424383
 3.30411561484406
   3.279133022868
 3.25391739156726
 3.22857071697406
 3.20299783265923
 3.17731705449218
 3.15141367797243
 3.12542808092805
 3.09921594996653
 3.07294949116694
 3.04643126850211
 3.01988024723431
 2.99295668559205
 2.96585455494668
 2.93572443375902
 2.88624570806037
 2.85819889798548
 2.83122677337087
 2.80424561773774
 2.77752177425092
 2.75068992123504
 2.72400296171622
 2.69722223237515
 2.67055679140855
 2.64382278455832
 2.61719752319279
 2.59052897544234
 2.56397177490418
 2.53739508910205
 2.51093668791806
 2.48448103071396
 2.45815282542734
 2.43184815781984
 2.40568125616591
 2.37955738803238
 2.35358212061775
 2.32766818724949
 2.30191255517041
 2.27623795308302
 2.25073017719233
 2.22532160244594
  2.2000884566491
 2.17497127688903
 2.15003799527226
 2.12523612696455
 2.10062633557552
 2.07616215432791
  2.0518978220024
 2.02779209990976
 2.00389350588776
 1.98016537097732
  1.9566510877333
 1.93331800217233
 1.91020489218184
 1.88728264678122
 1.86458587206455
 1.84208859510188
 1.81982163842251
 1.79776181709267
 1.77593651369263
 1.75432502666637
 1.73295160541656
  1.7117977651008
 1.69088489794451
 1.67019650112149
 1.64975135969828
 1.62953474529059
 1.60956306364901
 1.58982317642318
 1.57032931876393
 1.55106977785162
  1.5320568102865
 1.51327998147127
 1.49474974683745
 1.47645681762823
  1.4584100124587
 1.44060106904628
 1.42303732186539
 1.40571142713731
  1.3886293773222
 1.37178464919079
 1.35518202571441
 1.33881571509319
 1.32268941454031
  1.3067979823833
 1.29114414570611
 1.27572333860242
  1.2605374261567
 1.24558235004768
 1.23085921452151
 1.21636440617961
 1.20209836309497
 1.18805785907079
 1.17424275460253
 1.16065015741024
 1.14727943332672
 1.13412797469611
 1.12119473028114
 1.10847733135827
 1.09597438222425
 1.08368371065142
 1.07160364439932
  1.0597321682484
 1.04806739697079
 1.03660743554326
 1.02535024520323
 1.01429401674427
  1.0034366134943
0.992776279898289
0.982310833431358
0.972038542042337
0.961957226091237
0.952065148723804
 0.94236017884494
0.932840548170452
0.923504216966054
0.914349360424794
0.905374070371811
0.896576441785363
 0.88795473585193
0.879506944921573
0.871231535162138
0.863126375048412
0.855190169377464
0.847420642564637
0.839816769917008
0.832376112573464
0.825097946665724
0.817979651717641
0.811020833631645
0.804218672774316
 0.79757313259113
 0.79108117746903
0.784743155187673
0.778555797981127
0.772519863964698
0.766631837629861
 0.76089291283047
0.755299311248792
0.749852687473439
 0.74454898577854
0.739390346270664
0.734372421634348
 0.72949786226132
0.724762015437631
0.720168066792946
0.715711044739259
0.711394695490811
0.707213715410563
0.703172437254158
0.699265212434644
0.695496987043234
0.691861754898659
 0.68836510329994
0.685000656073785
 0.68177467093303
0.678680389562705
0.675724770906439
 0.67290066262018
0.670215757605669
0.667662497892155
0.665249345305312
 0.66296832498614
0.660828705251112
0.658822083494885
0.656958575095934
0.655229339341276
0.653645382697845
0.652197416604017
0.650754186121561