  0.012389045528185
 0.0123927102692901
 0.0123952775280779
 0.0123955760040611
 0.0123936328120486
 0.0123894805029983
 0.0123831471355181
 0.0123746660730658
 0.0123640662211672
 0.0123513816474919
 0.0123366420111712
 0.0123198819805854
 0.0123011318786645
 0.0122804268756688
 0.0122577978719643
 0.0122332804454129
 0.0122069059908363
 0.0121787104038591
 0.0121487254940974
 0.0121169873894252
 0.0120835282378512
 0.0120483843181993
 0.0120115880436649
 0.0119731757668266
 0.0119331800959974
 0.0118916373843098
 0.0118485803682001
  0.011804045332042
 0.0117580650764149
 0.0117106757514036
 0.0116619101607038
  0.011611804258259
 0.0115603907927484
 0.0115077054636967
 0.0114537809094668
 0.0113986525203615
 0.0113423527719012
 0.0112849166937375
 0.0112263765487365
  0.011166766957744
 0.0111061199238156
 0.0110444696140155
 0.0109818477270277
 0.0109182879342422
 0.0108538215879482
 0.0107884818249566
  0.010722299611618
 0.0106553075141555
 0.0105875360758578
 0.0105190172591557
 0.0104497811495164
 0.0103798590750884
 0.0103092806310633
 0.0102380764834427
 0.0101662757069378
 0.0100939082800773
 0.0100210027290784
0.00994758832212406
0.00987369301105982
 0.0097993453332172
0.00972457264227214
0.00964940272648446
0.00957386231958587
0.00949797844474732
0.00942177719595005
0.00934528481738169
0.00926852674537997
0.00919152843329836
0.00911431464379665
0.00903691002950906
0.00895933866518732
0.00888162439475071
0.00880379059256313
0.00872586028764744
0.00864785614319688
0.00856980036889673
0.00849171490763047
0.00841362114697255
0.00833554030194869
 0.0082574929368458
0.00817949953282264
0.00810157983122849
0.00802375357483288
0.00794603968385538
0.00786845715958946
0.00779102410432349
0.00771375877617249
0.00763667846401655
0.00755980068242384
0.00748314191264859
 0.0074067189266275
0.00733054740496735
0.00725464337912283
0.00717902173716524
0.00710369777340165
0.00702868559255228
0.00695399975624719
0.00687965359605238
0.00680566094647948
0.00673203437709097
0.00665878700187877
0.00658593064044888
0.00651347769386522
0.00644143924466442
0.00636982698952015
0.00629865128757182
0.00622792314054057
0.00615765219857185
0.00608784877872601
0.00601852183723637
0.00594968101760313
0.00588133459785617
0.00581349155980039
0.00574615951954767
0.00567934680979234
0.00561306040154119
0.00554730799163913
 0.0054820959232803
0.00541743127135454
0.00535331976896839
0.00528976788354177
0.00522678075620566
0.00516436426194388
0.00510252296836631
0.00504126217356187
0.00498058589037275
0.00492049885600068
0.00486100454753027
0.00480210715771004
0.00474380964709255
 0.0046861156807938
0.00462902772223523
 0.0045725489260685
0.00451668127860794
  0.004461427440545
0.00440678931092409
0.00435276833479571
0.00429936634626773
0.00424658432689036
 0.0041944236969589
0.00414288499574495
0.00409196924649573
0.00404167656740569
0.00399200760157817
0.00394296206727611
0.00389454024447055
0.00384674147254799
0.00379956568543442
0.00375301186457105
 0.0037070796149705
0.00366176758090346
0.00361707505561475
0.00357300036679174
0.00352954251304095
0.00348669952583581
0.00344447012622861
0.00340285206960134
0.00336184381646201
0.00332144286594879
0.00328164743493304
0.00324245478585493
0.00320386290872712
0.00316586884850989
0.00312847038497856
0.00309166436447914
0.00305544837298828
0.00301981907672708
0.00298477388410386
0.00295030929930525
0.00291642256916848
0.00288311005351551
0.00285036885335236
0.00281819520136485
0.00278658606818689
0.00275553757613576
0.00272504658062864
0.00269510910990247
 0.0026657219189872
0.00263688095783056
0.00260858289555756
0.00258082361910414
0.00255359972580461
0.00252690705433133
0.00250074214395414
0.00247510079928618
0.00244997951485165
0.00242537407485134
0.00240128094195674
 0.0023776958930331
0.00235461537134825
0.00233203515892692
0.00230995169162146
0.00228836076851861
0.00226725882956613
0.00224664170221298
0.00222650584152037
0.00220684711398864
0.00218766200030269
0.00216894641608448
0.00215069687763102
0.00213290935913018
 0.0021155804219444
0.00209870610763985
0.00208228303155002
0.00206630731079473
0.00205077562302479
0.00203568416844781
0.00202102969480785
0.00200680849228991
0.00199301738592677
0.00197965276212358
0.00196671152980748
 0.0019541901771981
0.00194208570312436
0.00193039470256563
0.00191911426965407
0.00190824111042532
0.00189777241910337
0.00188770501642902
0.00187803620088789
0.00186876291092918
0.00185988255284593
0.00185139218515614
 0.0018432893248778
0.00183557115231899
0.00182823529750841
0.00182127906363088
0.00181470019537729
0.00180849611926659
0.00180266469566734
0.00179720347426691
0.00179211043149013
0.00178738323941112
0.00178301999025276
0.00177901847708593
 0.0017753769070376
0.00177209319218578
 0.0017691656530336
0.00176659231808636
0.00176437161906424
0.00176250169773998
0.00176098109426423
0.00175980805994831
0.00175898123996386
0.00175849899087468
0.00175836005884665
0.00175856290086515
0.00175910635945274
0.00175998898665412
 0.0017612097161075
0.00176276718903731
 0.0017646604243614
0.00176688814610167
  0.001769449452034
0.00177234314210847
0.00177556838596202
0.00177912405213287
0.00178300937455793
0.00178722328256982
0.00179176506629255
0.00179663370762327
0.00180182854422174
0.00180734860190219
0.00181319325668444
0.00181936156925386
0.00182585294430563
0.00183266646797171
0.00183980156344514
0.00184725752396343
0.00185503339768124
 0.0018631286733213
0.00187154239877446
0.00188027405457273
0.00188932267739305
0.00189868772845145
0.00190836822144398
0.00191836358701932
0.00192867280384261
0.00193929526038377
0.00195022988796979
0.00196147602094149
 0.0019730325307502
0.00198489868534041
0.00199707328354735
0.00200955551435833
0.00202234409107725
0.00203543811090383
0.00204883618854948
0.00206253731635152
0.00207653999725136
0.00209084310543087
0.00210544501879772
0.00212034447989433
0.00213553972827553
0.00215102936119753
0.00216681146651942
0.00218288448243102
0.00219924633176114
0.00221589527974992
0.00223282907090256
0.00225004578355454
 0.0022675429706688
0.00228531850968201
0.00230336974890494
0.00232169435087563
 0.0023402894462863
0.00235915246880553
0.00237828031871948
0.00239767018692112
0.00241731873071785
0.00243722288442242
0.00245737905004216
 0.0024777838916444
0.00249843354390367
0.00251932438715518
0.00254045227703419
0.00256181329687569
 0.0025834030119339
0.00260521719553534
0.00262725111161501
0.00264950021078498
 0.0026719594451659
0.00269462393029524
0.00271748829646728
0.00274054731217522
0.00276379527639869
0.00278722659905328
0.00281083523888054
0.00283461523616842
0.00285856020110357
0.00288266379382774
0.00290691926830466
 0.0029313198945921
0.00295585856345447
0.00298052814555906
0.00300532116222936
0.00303023007611879
0.00305524703364694
0.00308036408156579
0.00310557298675106
0.00313086537295575
0.00315623262373942
0.00318166593360382
0.00320715629993316
0.00323269448262752
0.00325827109099528
0.00328387644594398
0.00330950076781085
 0.0033351339351385
0.00336076577944941
 0.0033863857346277
0.00341198324463644
0.00343754729754786
0.00346306695216761
0.00348853075080547
0.00351392737070636
  0.003539244909734
0.00356447166841247
0.00358959530280783
0.00361460374285545
0.00363948420687073
0.00366422426167406
0.00368881069334356
0.00371323071444976
0.00373747068588231
0.00376151747626865
0.00378535702996457
0.00380897588345349
0.00383235957488938
0.00385549432195405
 0.0038783652686821
0.00390095832889089
0.00392325826640284
0.00394525070775456
0.00396692005236377
0.00398825165776887
0.00400922957676758
0.00402983891793389
0.00405006340728582
0.00406988792627102
0.00408929589610316
0.00410827199479923
0.00412679936296003
 0.0041448625007787
0.00416244429473308
0.00417952909476444
 0.0041960995620997
0.00421213992601973
0.00422763265383969
0.00424256188584569
 0.0042569099293339
0.00427066086939037
 0.0042837968898265
0.00429630205650735
0.00430815846902445
0.00431935021224091
 0.0043298593436145
0.00433967000752127
0.00434876426428469
0.00435712636066065
0.00436513245893106