524.411451269747
524.411894678285
524.412217363738
524.412222707368
524.412007368016
524.411536049033
524.410821490135
524.409870278767
524.408673026307
524.407246351953
524.405575262777
524.403677941643
524.401538210116
 524.39917359514
524.396567907457
524.393737465033
524.390666370444
524.387369619861
524.383831674383
 524.38006620793
524.376058041863
 524.37181955265
524.367335904992
524.362618205377
524.357651939089
524.352446967456
524.346989071537
524.341286888855
524.335326470662
 524.32911524889
524.322639519116
524.315905523242
524.308899775209
524.301627340195
524.294074924405
524.286246427636
524.278128721917
524.269724551157
524.261020926081
524.252019442342
524.242707221067
524.233084715338
 524.22313912664
524.212869769049
524.202263891995
524.191319671782
524.180024370343
524.168375024953
524.156358870894
524.143971802529
524.131200985006
 524.11804116317
 524.10447938364
 524.09050923246
524.076117583869
524.061296853266
524.046033682729
524.030319302833
524.014140057368
523.997485975913
523.980343031106
523.962700033771
523.944542505438
523.925858019365
523.906631558548
523.886849439379
523.866496011061
523.845556313964
523.824013959956
523.801852695054
523.779055281491
523.755604154122
523.731481103898
523.706667239969
523.681143250336
523.654888906925
523.627883652297
523.600105913444
523.571533733298
523.542144190818
523.511913762357
523.480818181248
523.448832176412
 523.41593014436
523.382084870529
 523.34726943083
523.311454454552
523.274611721721
523.236709474658
523.197718231916
523.157603598208
523.116334876066
523.073874760328
523.030191395487
522.985244270699
522.939000444597
522.891415879248
522.842456635682
522.792074799685
522.740235541096
522.686886690125
522.631992652342
522.575496590506
 522.51736229593
522.457527816862
522.395956506371
522.332580813156
 522.26736385725
522.200231961853
522.131148251897
522.060032355091
521.986847675838
521.911506528998
521.833972913941
521.754151164433
521.672006235915
521.587433758213
521.500400054682
521.410791269785
521.318575562991
521.223628749201
 521.12592135464
521.025317953224
520.921792037641
520.815195957463
520.705506847788
520.592563773546
520.476348272202
520.356684981489
520.233560693687
520.106784388476
519.976349068947
519.842046722164
519.703877675821
519.561615273673
519.415269439035
519.264593114005
519.109602470739
 518.95003606413
518.785912431666
518.616956739753
518.443189509659
518.264322448601
518.080378020198
517.891054343447
517.696375805624
517.496026856027
517.290033777512
517.078067333082
516.860155658822
516.635955889241
516.405497954366
516.168425501694
 515.92477017617
515.674162373219
515.416635350771
515.151806590867
514.879710835927
 514.59995310787
514.312569474394
514.017153076433
513.713741112253
513.401915558626
513.081714508741
 512.75270964194
512.414939663531
512.067966984779
511.711830586037
511.346084815555
510.970768529285
510.585429406768
510.190105708476
509.784340042722
509.368169521244
508.941133496167
508.503267282999
508.054109025164
507.593691486447
507.121553896952
506.637725589523
506.141749440377
505.633650330476
505.112977622709
504.579750562848
504.033528140357
503.474322596448
502.901706006154
502.315682023399
501.715839608633
501.102172000858
500.474289211061
499.832171954192
499.175455850095
498.504106656392
497.817790585833
497.116455631335
496.399804046919
495.667762820397
494.920076206258
494.156646443872
493.377266315104
492.581808980913
491.770122915661
490.942047184262
490.097493845279
 489.23626203906
488.358336138619
487.463468568435
486.551725728012
485.622805382332
484.676866836348
483.713543859907
482.733100950993
481.735096849133
 480.71991526067
479.687026759087
 478.63695042873
 477.56905290854
476.484007563167
475.381057975247
474.261054221626
473.123093356355
 471.96822924907
470.795383187016
469.605846168483
468.398326641676
467.174394691343
465.932497894614
464.674539596214
463.398642590365
462.107115526722
460.797668486634
459.473114624451
458.130625026451
456.773659712673
455.398658718576
454.009943620373
452.602906738386
451.183074216795
449.744199504785
 448.29359083472
446.821988782985
445.339362187445
443.828240989215
442.297087101339
440.582368205431
437.695816191329
436.044923991337
434.448105898263
432.841613973329
431.241278898962
429.625166437341
428.008367499101
426.376309649498
424.741575731406
423.092772748353
421.440681186371
419.775750010829
418.107486325125
 416.42756339424
414.744554075545
413.051012777878
411.354799781101
409.649137982006
407.941325445074
406.225111938333
404.507338904545
402.782183746527
401.056023116051
399.323643368324
397.590772294354
395.852796930584
394.114887972558
392.372947566313
390.631661822205
 388.88737967352
387.144360791724
385.399345417399
383.656214193003
381.912052890926
 380.17040236593
378.428655619738
376.690046650313
374.952243236407
373.218200510278
   371.485833222
369.757841717491
368.032363650791
366.311865531578
364.594686892889
  362.8830788322
361.175564238206
359.474195164378
357.777661407993
356.087830660961
 354.40354491993
352.726500805695
351.055679270981
349.392617998747
347.736424899814
346.088489884344
344.448036888134
342.816318398091
341.192664357985
339.578199489616
337.972350520342
336.376123474809
334.789033329014
333.211975970999
331.644546693165
330.087539368038
328.540622201612
327.004494788447
325.478891312475
323.964424490437
322.460887962593
 320.96881466878
319.488051552475
318.019058610008
316.561730264266
315.116460160369
313.683184672235
312.262237467108
310.853591607612
309.457526956149
308.074048242157
306.703387511792
305.345576357489
304.000804826917
302.669126770105
301.350695894974
300.045583884854
298.753913618021
  297.4757703526
296.211251508005
294.960451810808
293.723448461486
 292.50034168869
291.291193590887
290.096106061506
288.915131098321
287.748368541475
286.595865180886
285.457715195626
284.333964959086
283.224699483637
 282.12996942285
281.049847211467
 279.98439239225
278.933661499225
277.897727492695
276.876627764371
275.870453146978
274.879218723894
273.903037589082
272.941899421672
271.995943907307
271.065132289888
270.149635126793
269.249382255815
268.364579344083
267.495121907994
266.641254929169
265.802836738656
264.980155813202
264.173030481911
263.381796882874
262.606230570312
261.846719505684
261.102993735628
260.375497213595
259.663911783076
258.968741576197
258.289617572065
257.627108298424
256.980791240674
256.351303582334
255.738166715672
255.142090797259
254.562538555187
254.000297508343
253.454769176939
252.926822919422
252.415796531506
251.922645793756
251.446642288199
250.988832923975
250.548420609005
250.126548231853
 249.72234759716
249.337062590278
248.969751518223
248.621764471346
248.292083904769
247.982171539721
247.690931672345
247.419943327984
247.168030393225
246.936895150964
246.725278895971
246.513804585948