37.5115111043517
37.4990091711388
37.4897918562066
37.4892759164946
37.4948004536581
37.5073348647549
37.5265210016948
37.5521693381329
37.5845236848192
37.6231132464689
37.6683291332521
37.7196528548035
37.7775013573708
37.8413698438021
37.9116688103335
37.9879225427664
38.0705266921868
38.1590377780176
38.2538346255914
 38.354505927589
38.4614134379781
38.5741771600248
38.6931420121052
38.8179582808474
38.9489544297596
39.0858100016545
39.2288374400291
 39.377744555376
39.5328282353009
39.6938236135394
39.8610125082241
 40.034156472836
 40.213522762833
40.3988984837615
40.5905368552589
40.7882496976546
40.9922767419967
41.2024537112033
41.4190074160434
41.6417966897916
41.8710360133131
42.1066065530173
42.3487110735356
42.5972523073875
42.8524219413971
43.1141435126592
43.3825982950358
43.6577298695194
43.9397097901387
 44.228500917371
44.5242658088755
44.8269858318851
45.1368153037223
45.4537533127365
45.7779467269235
46.1094115525678
46.4482880369092
46.7946082787444
47.1485067734419
47.5100308598632
47.8793101936298
48.2564064693025
48.6414454612122
49.0345022983159
49.4356998817083
49.8451258113316
50.2629011761336
50.6891250361841
 51.123917786021
 51.567388882014
52.0196592024625
52.4808474775127
52.9510763117971
53.4304725220707
53.9191617504197
54.4172776422144
 54.924950260995
55.4423187454898
55.9695190420947
56.5066943636776
57.0539880829965
57.6115459769004
58.1795204750232
58.7580583098244
59.3473226904274
 59.947459590748
60.5586448194015
61.1810217639377
61.8147807553402
62.4600606450965
 63.117068317995
63.7859360093571
64.4668893036519
65.1600516006607
65.8656694509319
66.5838550508589
67.3148783102681
68.0588376963067
68.8160290045553
69.5865342791734
70.3706778679184
71.1685225201327
71.9804239489852
72.8064225485551
73.6469083645217
74.5018961757943
75.3718134887694
76.2566459966689
77.1568619633462
78.0724143037747
79.0038155121439
79.9509817988675
80.9144735452752
81.8941660852121
82.8906715358319
83.9038199245313
84.9342791529852
85.9818292420261
87.0471981348623
88.1301108628845
89.2313598846309
90.3506099637566
91.4887227733601
92.6452972229043
93.8212691335367
95.0161656531032
 96.231001927574
97.4652271019145
 98.719941076419
99.9945084042568
 101.29011943624
102.606047163959
103.943578455129
105.301886940769
106.682364443327
108.084067163585
109.508500766856
110.954639983775
112.424039387484
113.915631624389
115.431005570289
 116.96905661191
118.531403934012
120.116907273717
121.727212907079
123.361146377355
125.020377664019
126.703699713428
128.412802555879
130.146448315705
131.906343140928
133.691220300451
135.502797838099
137.339782337963
139.203899221843
141.093830776275
143.011304980933
144.954982441861
146.926588568563
148.924765147204
150.951229576123
153.004607940193
155.086603868254
157.195831135625
159.333973522128
161.499636174452
163.694476619271
165.917095361821
168.169116943673
170.449141540303
172.758753645199
175.096557759966
177.464090932487
179.859967011985
182.285667864433
184.739822097238
 187.22384831394
189.736395705747
192.278811181756
194.849770786689
 197.45054094187
200.079831292106
202.738818602963
205.426253380084
208.143213172694
 210.88849716513
213.663073713153
216.465799104551
219.297522076402
222.157165109853
225.045446408722
227.961364471326
230.905495510854
233.876924682231
 236.87607413914
239.902127246086
   242.955339329
246.035004546678
249.141197817776
252.273337855561
255.431304638456
258.614656546006
261.823062949566
265.056238575994
268.313625159584
 271.59511229591
274.899895397038
278.228059629918
281.578533370481
284.951620673941
288.345959656629
291.762099749158
295.198362451377
298.655572949642
302.131705819406
305.627897229455
309.141739487221
312.674721093437
316.224010248213
 319.79149699699
 323.37387509869
326.973495641528
330.586516323224
334.215822509939
337.856958942231
341.513437294466
345.180091320863
 348.86117748955
352.550690534229
356.253788730317
 359.96345581465
363.685967396995
367.413057448865
371.152428171397
 374.89421884112
378.648028621961
382.401879293392
386.168043061921
389.931585909628
393.708903241896
397.480690476665
401.270839845982
405.053521653415
408.872895800945
412.706855214141
416.958620427683
424.019749952464
428.005814685566
 431.82631208619
435.636145945596
439.398536444397
443.165605638971
 446.90250266764
450.643241596783
454.359242485892
458.076691099645
461.771539207903
465.465431922312
469.137547391239
472.806508561841
476.453880803173
480.096108698983
483.716594045916
487.330126136461
490.921567356301
494.504400218798
498.064681629901
501.614831742588
505.142079668971
 508.65744504114
512.149668858032
515.628423662493
519.083734145149
522.524132267913
525.940745863792
529.341130255834
532.717371380775
536.076180201016
539.410482339894
542.726252747312
546.017158650116
549.288528907532
552.534690054527
555.760400360962
558.960575810892
562.139468138917
565.292522842756
568.423539974045
571.528442619815
574.610626521087
577.666446965669
580.698936614925
 583.70484295307
586.686871704792
589.642127021804
592.573019585293
595.476978437027
598.356147531657
601.208252193117
604.035194936516
 606.83497145809
609.609265537024
 612.35631964513
615.077619313763
617.771632190352
620.439664136069
623.080388109021
   625.694947222
628.282201395945
630.843146474922
633.376812329448
635.884061752704
638.364078732351
640.817606119637
643.243967237436
645.643797125428
648.016544599177
650.362748150098
652.681969088053
654.974659848273
657.240481998424
659.479811721131
661.692399295876
663.878553839416
666.038103425134
668.171298736183
670.278035295053
672.358513483525
674.412686452831
676.440711963342
678.442591455594
680.418447338281
682.368320443626
684.292304725304
686.190471915963
688.062894070864
689.909665705788
691.730843223529
693.526536149856
695.296791196753
697.041725443345
698.761381611841
700.455877168753
702.125256308358
703.769629984892
 705.38904910678
706.983611459553
708.553379705774
710.098432027009
711.618847694096
713.114679049316
714.586026654946
716.032910958004
717.455458338115
718.853651450362
720.227646873104
 721.57738371243
722.903052994069
724.204544638151
725.482088244596
726.735519011369
727.965109127842
729.170633614999
730.352411164804
731.510151228281
732.644222819855
 733.75426446967
734.840699249369
735.903089439149
736.941915825076
737.956659109501
738.947861379424
 739.91491641117
740.858431114719
741.777706949688
742.673419112113
743.544771288363
744.392510369316
745.215736721272
 746.01527228839
746.790108453724
747.541145525484
 748.26726009623
748.969434103349
749.646423368027
750.299294676506
750.926676891575
751.529724821538
752.106933943187
752.659550211021
753.185929009283
753.687410508348
 754.16220297238
754.611743795479
755.034086726923
755.430769319958
755.799682995442
756.142468314591
 756.45684607957
756.744562602408
 757.03203260961